1 3 344
1 4 1682
1 6 320
1 7 181
1 9 427
1 10 317
1 11 201
1 12 160
1 13 220
1 15 475
1 16 227
1 19 160
1 22 171
1 23 296
1 25 160
1 29 149
1 30 594
1 31 135
1 32 226
1 34 289
1 35 291
1 36 195
1 37 147
1 38 644
1 39 183
1 40 309
1 43 203
1 44 153
1 45 233
1 46 306
1 47 120
1 48 386
1 49 151
1 52 103
1 53 146
1 56 208
1 58 171
1 60 263
1 62 215
1 64 321
1 66 261
1 67 115
1 69 189
1 70 261
1 72 183
1 73 258
1 74 134
1 77 244
1 78 337
1 84 404
1 86 195
1 89 255
1 90 198
1 93 380
1 95 459
1 96 394
1 97 439
1 100 424
2 3 1015
2 4 684
2 7 113
2 8 218
2 10 202
2 12 147
2 13 449
2 15 225
2 16 147
2 19 330
2 23 504
2 24 390
2 25 627
2 26 340
2 29 237
2 32 441
2 33 198
2 34 252
2 35 199
2 36 771
2 37 223
2 38 228
2 42 248
2 44 229
2 45 173
2 47 181
2 49 129
2 51 137
2 52 294
2 53 194
2 54 344
2 55 367
2 57 1185
2 58 480
2 60 249
2 62 125
2 65 821
2 67 164
2 68 170
2 69 328
2 70 128
2 71 113
2 72 236
2 73 644
2 74 513
2 76 399
2 77 186
2 78 1672
2 79 254
2 80 321
2 81 305
2 84 286
2 85 144
2 86 537
2 87 862
2 88 438
2 91 237
2 93 382
2 97 249
2 98 388
2 99 568
2 100 249
3 1 344
3 2 1015
3 4 526
3 5 304
3 7 285
3 9 115
3 10 382
3 11 213
3 13 119
3 15 308
3 17 105
3 18 160
3 22 128
3 23 143
3 24 292
3 25 449
3 26 146
3 28 230
3 30 259
3 31 343
3 32 393
3 34 410
3 36 203
3 37 166
3 38 175
3 39 351
3 40 194
3 42 404
3 43 524
3 44 283
3 45 391
3 46 337
3 47 599
3 49 412
3 51 273
3 52 140
3 53 636
3 54 423
3 56 279
3 57 437
3 58 409
3 59 198
3 62 474
3 63 135
3 66 1007
3 67 299
3 69 125
3 76 482
3 77 728
3 78 1374
3 80 196
3 81 400
3 82 492
3 83 278
3 84 286
3 86 255
3 87 318
3 88 139
3 90 148
3 91 732
3 93 169
3 94 122
3 95 442
3 97 725
3 100 240
4 1 1682
4 2 684
4 3 526
4 5 345
4 6 329
4 8 179
4 9 395
4 10 106
4 11 163
4 12 868
4 14 241
4 15 193
4 18 124
4 19 262
4 20 524
4 21 285
4 23 638
4 24 251
4 26 343
4 27 657
4 29 137
4 33 259
4 34 534
4 36 387
4 42 534
4 43 301
4 45 376
4 46 180
4 48 231
4 51 246
4 52 161
4 53 118
4 54 343
4 55 399
4 56 163
4 57 113
4 58 254
4 59 211
4 62 107
4 63 159
4 65 876
4 68 494
4 69 181
4 70 598
4 71 161
4 72 608
4 73 309
4 75 265
4 76 217
4 77 131
4 78 606
4 79 508
4 80 213
4 82 719
4 83 127
4 85 476
4 87 297
4 90 618
4 91 177
4 92 160
4 93 147
4 94 175
4 97 165
4 98 362
4 100 459
5 3 304
5 4 345
5 6 104
5 7 349
5 8 190
5 14 135
5 15 101
5 18 153
5 19 183
5 20 288
5 23 250
5 27 153
5 29 155
5 33 111
5 34 155
5 36 450
5 37 104
5 38 384
5 39 132
5 47 173
5 49 507
5 51 229
5 56 697
5 57 150
5 58 298
5 59 321
5 60 115
5 62 294
5 66 200
5 67 354
5 68 390
5 69 284
5 70 449
5 72 210
5 74 366
5 75 149
5 77 104
5 78 120
5 82 183
5 85 272
5 86 131
5 88 236
5 92 176
5 98 108
5 99 220
6 1 320
6 4 329
6 5 104
6 7 128
6 8 248
6 9 262
6 10 321
6 11 150
6 14 124
6 21 261
6 23 142
6 24 223
6 25 299
6 28 969
6 33 102
6 36 119
6 37 346
6 43 179
6 45 283
6 46 165
6 49 337
6 53 263
6 60 585
6 62 556
6 67 106
6 68 164
6 70 146
6 73 403
6 76 191
6 77 261
6 80 239
6 81 336
6 84 323
6 87 398
6 88 213
6 93 168
6 98 323
6 99 121
6 100 320
7 1 181
7 2 113
7 3 285
7 5 349
7 6 128
7 8 584
7 12 269
7 16 580
7 17 205
7 20 210
7 22 394
7 23 211
7 26 192
7 29 187
7 30 174
7 34 328
7 35 740
7 36 811
7 37 264
7 38 231
7 41 309
7 42 346
7 45 144
7 46 129
7 49 486
7 52 148
7 56 344
7 59 436
7 61 279
7 62 149
7 64 239
7 68 205
7 69 648
7 70 322
7 71 288
7 72 1181
7 73 212
7 76 102
7 77 695
7 78 163
7 80 120
7 81 137
7 82 438
7 87 329
7 88 277
7 89 379
7 91 291
7 96 989
7 97 295
7 98 230
7 100 117
8 2 218
8 4 179
8 5 190
8 6 248
8 7 584
8 9 254
8 10 138
8 16 180
8 17 106
8 19 128
8 23 383
8 24 268
8 25 148
8 26 164
8 27 235
8 34 120
8 37 342
8 38 123
8 39 179
8 40 927
8 45 541
8 47 109
8 48 204
8 51 151
8 53 247
8 55 148
8 56 511
8 57 157
8 59 202
8 64 136
8 66 128
8 68 492
8 69 110
8 71 130
8 76 452
8 78 209
8 79 139
8 81 332
8 88 149
8 93 103
8 95 216
8 96 315
8 97 327
8 98 286
9 1 427
9 3 115
9 4 395
9 6 262
9 8 254
9 10 370
9 11 143
9 13 144
9 19 165
9 20 114
9 22 779
9 24 199
9 25 363
9 26 236
9 28 369
9 29 119
9 33 367
9 36 220
9 37 185
9 38 324
9 39 107
9 41 123
9 42 209
9 43 321
9 45 150
9 46 793
9 47 239
9 49 222
9 50 521
9 53 153
9 55 558
9 56 382
9 57 337
9 58 192
9 59 240
9 60 128
9 67 912
9 68 536
9 69 678
9 70 118
9 71 164
9 72 318
9 73 519
9 75 346
9 77 135
9 80 264
9 81 187
9 83 187
9 84 110
9 87 332
9 88 157
9 89 226
9 92 505
9 93 446
9 94 110
9 100 317
10 1 317
10 2 202
10 3 382
10 4 106
10 6 321
10 8 138
10 9 370
10 11 108
10 15 264
10 16 131
10 17 427
10 18 157
10 19 261
10 23 166
10 24 238
10 25 326
10 26 114
10 29 247
10 30 154
10 32 129
10 36 404
10 39 173
10 40 351
10 41 310
10 42 351
10 43 323
10 44 124
10 45 265
10 46 562
10 48 140
10 49 180
10 50 117
10 51 650
10 52 194
10 54 108
10 56 121
10 57 102
10 58 707
10 60 140
10 61 426
10 62 452
10 63 354
10 65 112
10 67 304
10 70 109
10 71 111
10 72 262
10 74 139
10 76 380
10 77 128
10 78 671
10 80 200
10 82 126
10 83 229
10 86 263
10 87 357
10 88 229
10 89 267
10 90 400
10 91 265
10 92 394
10 93 125
10 95 183
10 96 206
10 97 259
10 98 311
10 99 170
11 1 201
11 3 213
11 4 163
11 6 150
11 9 143
11 10 108
11 15 355
11 17 728
11 18 316
11 19 461
11 20 110
11 23 339
11 24 187
11 25 519
11 29 361
11 30 327
11 32 256
11 33 169
11 34 406
11 38 309
11 39 196
11 44 117
11 45 462
11 46 195
11 47 332
11 48 126
11 50 115
11 54 249
11 55 125
11 56 364
11 57 248
11 59 137
11 60 480
11 61 521
11 62 105
11 64 238
11 67 914
11 68 264
11 69 193
11 70 412
11 71 174
11 72 533
11 73 114
11 74 351
11 76 216
11 77 426
11 78 143
11 79 179
11 80 239
11 82 344
11 83 176
11 87 209
11 88 187
11 90 263
11 91 321
11 92 306
11 97 409
11 99 515
11 100 178
12 1 160
12 2 147
12 4 868
12 7 269
12 15 256
12 16 370
12 20 130
12 21 156
12 25 154
12 26 178
12 28 265
12 31 257
12 32 112
12 38 154
12 42 831
12 46 523
12 49 256
12 50 147
12 57 183
12 60 198
12 62 155
12 64 343
12 65 194
12 66 426
12 69 181
12 70 800
12 71 119
12 74 159
12 75 168
12 78 355
12 80 149
12 82 179
12 84 156
12 86 235
12 92 131
12 93 302
12 94 209
12 98 159
12 100 282
13 1 220
13 2 449
13 3 119
13 9 144
13 14 180
13 16 143
13 23 275
13 24 464
13 25 161
13 27 175
13 30 156
13 34 544
13 37 347
13 44 104
13 45 251
13 46 334
13 47 454
13 52 199
13 55 143
13 57 537
13 58 185
13 59 183
13 62 637
13 68 416
13 69 243
13 70 315
13 71 168
13 76 749
13 78 132
13 79 194
13 81 133
13 83 437
13 86 213
13 89 158
13 91 226
13 92 177
13 93 349
13 94 105
13 97 233
13 100 139
14 4 241
14 5 135
14 6 124
14 13 180
14 15 357
14 16 416
14 21 191
14 22 190
14 28 188
14 32 314
14 33 140
14 40 532
14 42 109
14 43 272
14 45 306
14 47 431
14 48 138
14 52 371
14 54 475
14 55 153
14 56 304
14 59 515
14 61 160
14 62 361
14 63 259
14 64 264
14 67 507
14 68 441
14 71 101
14 75 216
14 77 169
14 78 178
14 82 168
14 85 194
14 87 132
14 92 555
14 94 266
14 95 287
14 96 169
14 97 115
15 1 475
15 2 225
15 3 308
15 4 193
15 5 101
15 10 264
15 11 355
15 12 256
15 14 357
15 17 118
15 18 315
15 19 102
15 21 143
15 22 163
15 23 238
15 24 125
15 25 475
15 27 226
15 29 204
15 31 254
15 33 407
15 34 514
15 36 278
15 38 498
15 43 250
15 45 355
15 46 745
15 48 102
15 49 216
15 52 372
15 54 248
15 55 167
15 56 441
15 57 365
15 60 171
15 61 298
15 62 249
15 63 193
15 64 128
15 68 488
15 70 288
15 71 170
15 74 407
15 77 265
15 78 304
15 79 320
15 80 536
15 81 267
15 82 117
15 84 185
15 85 223
15 86 788
15 87 141
15 93 402
15 94 138
15 97 362
15 98 161
15 100 221
16 1 227
16 2 147
16 7 580
16 8 180
16 10 131
16 12 370
16 13 143
16 14 416
16 19 524
16 20 174
16 23 136
16 25 122
16 29 136
16 34 549
16 35 234
16 38 280
16 40 360
16 42 244
16 43 140
16 44 116
16 47 518
16 51 199
16 53 283
16 55 220
16 59 170
16 60 230
16 61 103
16 69 170
16 70 276
16 76 701
16 77 428
16 80 590
16 83 256
16 86 278
16 87 217
16 89 105
16 91 395
16 92 138
16 95 226
17 3 105
17 7 205
17 8 106
17 10 427
17 11 728
17 15 118
17 18 251
17 20 249
17 23 540
17 24 135
17 27 131
17 35 269
17 36 447
17 37 165
17 38 480
17 39 137
17 40 352
17 45 229
17 46 634
17 48 113
17 53 427
17 54 295
17 57 320
17 58 222
17 60 232
17 61 210
17 64 212
17 65 150
17 67 386
17 68 168
17 69 121
17 70 130
17 72 114
17 77 480
17 88 101
17 90 212
17 92 142
17 93 275
17 95 469
18 3 160
18 4 124
18 5 153
18 10 157
18 11 316
18 15 315
18 17 251
18 19 404
18 21 654
18 23 172
18 28 146
18 32 167
18 36 186
18 37 126
18 39 256
18 41 123
18 43 159
18 45 232
18 46 251
18 49 114
18 50 109
18 52 254
18 56 450
18 59 473
18 60 587
18 62 229
18 64 187
18 65 142
18 68 336
18 73 534
18 74 337
18 77 177
18 78 260
18 80 132
18 81 300
18 82 128
18 83 268
18 87 134
18 89 154
18 90 144
18 94 394
18 96 150
18 98 280
18 100 107
19 1 160
19 2 330
19 4 262
19 5 183
19 8 128
19 9 165
19 10 261
19 11 461
19 15 102
19 16 524
19 18 404
19 20 290
19 21 233
19 22 164
19 26 700
19 27 134
19 28 109
19 31 106
19 33 306
19 36 255
19 37 140
19 39 160
19 41 228
19 42 453
19 43 256
19 45 306
19 46 606
19 49 162
19 51 109
19 52 430
19 53 177
19 56 551
19 59 352
19 63 281
19 64 290
19 65 451
19 67 316
19 68 280
19 69 538
19 71 353
19 74 451
19 77 106
19 80 145
19 81 276
19 82 549
19 83 105
19 86 296
19 87 187
19 88 303
19 89 139
19 90 464
19 91 404
19 92 235
19 93 704
19 94 231
19 95 115
19 98 361
20 4 524
20 5 288
20 7 210
20 9 114
20 11 110
20 12 130
20 16 174
20 17 249
20 19 290
20 22 231
20 23 337
20 26 293
20 27 511
20 34 139
20 37 213
20 38 217
20 40 143
20 42 893
20 44 282
20 45 240
20 47 188
20 48 395
20 50 134
20 54 351
20 56 165
20 59 528
20 60 727
20 64 347
20 66 108
20 67 162
20 69 173
20 81 628
20 84 143
20 88 182
20 91 174
20 93 129
20 94 134
20 95 237
21 4 285
21 6 261
21 12 156
21 14 191
21 15 143
21 18 654
21 19 233
21 22 102
21 23 155
21 25 183
21 27 320
21 34 122
21 36 358
21 37 144
21 40 199
21 41 102
21 43 179
21 45 195
21 46 420
21 48 408
21 55 256
21 57 159
21 60 369
21 61 308
21 66 121
21 67 498
21 70 103
21 73 170
21 74 132
21 75 142
21 76 181
21 77 227
21 78 416
21 79 349
21 80 250
21 83 564
21 88 601
21 90 223
21 91 142
21 95 154
21 99 576
22 1 171
22 3 128
22 7 394
22 9 779
22 14 190
22 15 163
22 19 164
22 20 231
22 21 102
22 23 268
22 25 246
22 26 135
22 30 165
22 32 288
22 33 219
22 35 168
22 40 301
22 41 102
22 44 811
22 51 201
22 53 278
22 54 242
22 57 134
22 58 775
22 60 106
22 61 268
22 65 124
22 68 116
22 70 117
22 72 339
22 76 102
22 77 284
22 79 165
22 81 135
22 82 132
22 87 237
22 88 498
22 89 280
22 91 533
22 93 154
22 96 120
22 98 135
22 100 266
23 1 296
23 2 504
23 3 143
23 4 638
23 5 250
23 6 142
23 7 211
23 8 383
23 10 166
23 11 339
23 13 275
23 15 238
23 16 136
23 17 540
23 18 172
23 20 337
23 21 155
23 22 268
23 24 171
23 25 377
23 26 301
23 28 272
23 30 523
23 31 171
23 33 102
23 35 114
23 36 677
23 37 545
23 41 140
23 42 298
23 43 158
23 45 299
23 46 394
23 47 357
23 48 775
23 49 482
23 50 155
23 51 118
23 52 245
23 56 282
23 57 491
23 59 330
23 60 509
23 61 276
23 62 398
23 63 103
23 65 457
23 67 728
23 68 151
23 71 194
23 72 313
23 74 171
23 75 391
23 76 170
23 77 167
23 78 478
23 79 324
23 80 408
23 81 251
23 82 159
23 83 117
23 86 111
23 87 345
23 88 538
23 89 150
23 90 203
23 91 367
23 92 173
23 93 997
23 94 366
23 95 187
23 97 666
23 98 272
24 2 390
24 3 292
24 4 251
24 6 223
24 8 268
24 9 199
24 10 238
24 11 187
24 13 464
24 15 125
24 17 135
24 23 171
24 25 425
24 30 153
24 32 166
24 33 354
24 34 220
24 36 430
24 37 147
24 38 106
24 39 450
24 42 442
24 43 456
24 46 149
24 47 228
24 48 1044
24 49 176
24 50 924
24 53 384
24 54 294
24 56 386
24 58 285
24 59 307
24 61 290
24 62 1058
24 63 148
24 64 366
24 65 109
24 67 113
24 70 220
24 74 170
24 77 332
24 80 136
24 81 185
24 86 672
24 87 665
24 88 148
24 89 107
24 91 279
24 93 143
24 94 289
24 97 572
24 98 174
25 1 160
25 2 627
25 3 449
25 6 299
25 8 148
25 9 363
25 10 326
25 11 519
25 12 154
25 13 161
25 15 475
25 16 122
25 21 183
25 22 246
25 23 377
25 24 425
25 30 227
25 31 456
25 32 104
25 33 293
25 34 202
25 36 260
25 37 640
25 38 221
25 41 487
25 46 468
25 47 249
25 49 180
25 52 167
25 53 340
25 56 190
25 57 193
25 64 336
25 65 248
25 67 372
25 68 387
25 69 190
25 72 195
25 73 371
25 74 388
25 76 133
25 77 231
25 78 320
25 82 555
25 84 106
25 86 300
25 87 370
25 88 112
25 90 196
25 94 516
25 95 295
25 96 338
25 97 465
25 98 243
25 100 282
26 2 340
26 3 146
26 4 343
26 7 192
26 8 164
26 9 236
26 10 114
26 12 178
26 19 700
26 20 293
26 22 135
26 23 301
26 27 218
26 29 123
26 33 118
26 36 205
26 37 397
26 40 138
26 41 221
26 43 144
26 45 135
26 50 209
26 54 262
26 56 147
26 59 561
26 60 548
26 61 179
26 66 527
26 69 495
26 70 107
26 71 192
26 77 413
26 78 273
26 79 159
26 81 360
26 82 207
26 83 327
26 86 110
26 92 109
26 93 334
26 95 247
26 97 124
27 4 657
27 5 153
27 8 235
27 13 175
27 15 226
27 17 131
27 19 134
27 20 511
27 21 320
27 26 218
27 28 673
27 29 143
27 30 302
27 32 121
27 33 125
27 34 301
27 35 165
27 36 288
27 37 169
27 38 379
27 42 789
27 43 545
27 46 636
27 47 297
27 49 265
27 52 330
27 53 293
27 54 174
27 56 199
27 57 123
27 58 188
27 59 227
27 60 183
27 61 293
27 62 117
27 63 470
27 66 533
27 67 588
27 68 102
27 70 146
27 73 113
27 74 621
27 75 399
27 78 544
27 80 280
27 81 443
27 82 128
27 85 127
27 88 120
27 89 159
27 91 113
27 92 223
27 93 364
27 97 227
27 98 524
27 99 359
27 100 289
28 3 230
28 6 969
28 9 369
28 12 265
28 14 188
28 18 146
28 19 109
28 23 272
28 27 673
28 29 152
28 30 189
28 36 264
28 38 690
28 40 178
28 41 265
28 42 268
28 43 611
28 44 260
28 46 208
28 48 260
28 56 294
28 59 104
28 61 110
28 71 160
28 75 173
28 76 350
28 81 180
28 84 133
28 88 143
28 91 188
28 93 314
28 94 102
28 95 217
28 96 119
28 97 399
28 98 277
28 99 122
29 1 149
29 2 237
29 4 137
29 5 155
29 7 187
29 9 119
29 10 247
29 11 361
29 15 204
29 16 136
29 26 123
29 27 143
29 28 152
29 31 533
29 33 163
29 37 254
29 39 128
29 41 238
29 42 177
29 45 490
29 48 506
29 51 118
29 53 147
29 55 504
29 56 1062
29 59 153
29 60 636
29 62 178
29 67 303
29 74 197
29 75 549
29 77 236
29 78 194
29 81 221
29 83 188
29 84 105
29 85 254
29 86 128
29 93 460
29 100 109
30 1 594
30 3 259
30 7 174
30 10 154
30 11 327
30 13 156
30 22 165
30 23 523
30 24 153
30 25 227
30 27 302
30 28 189
30 31 393
30 33 239
30 38 112
30 39 135
30 41 279
30 43 140
30 44 184
30 45 446
30 47 145
30 48 164
30 51 200
30 53 209
30 58 398
30 59 224
30 60 1010
30 62 316
30 64 199
30 67 303
30 74 411
30 76 348
30 80 530
30 83 196
30 84 157
30 86 205
30 95 168
30 97 280
31 1 135
31 3 343
31 12 257
31 15 254
31 19 106
31 23 171
31 25 456
31 29 533
31 30 393
31 34 243
31 36 262
31 37 179
31 42 131
31 43 139
31 44 633
31 45 157
31 47 245
31 48 498
31 54 378
31 58 250
31 59 128
31 60 438
31 62 339
31 64 123
31 69 218
31 72 538
31 74 401
31 80 402
31 81 283
31 82 294
31 83 136
31 84 130
31 88 329
31 89 119
31 97 228
31 98 275
31 99 226
31 100 267
32 1 226
32 2 441
32 3 393
32 10 129
32 11 256
32 12 112
32 14 314
32 18 167
32 22 288
32 24 166
32 25 104
32 27 121
32 33 482
32 36 645
32 38 326
32 40 139
32 43 184
32 44 178
32 46 270
32 49 166
32 51 216
32 52 352
32 57 696
32 58 202
32 62 257
32 64 259
32 65 147
32 66 159
32 68 544
32 69 105
32 74 473
32 76 391
32 80 179
32 82 305
32 88 338
32 89 112
32 92 214
32 97 153
32 99 381
33 2 198
33 4 259
33 5 111
33 6 102
33 9 367
33 11 169
33 14 140
33 15 407
33 19 306
33 22 219
33 23 102
33 24 354
33 25 293
33 26 118
33 27 125
33 29 163
33 30 239
33 32 482
33 34 102
33 35 153
33 38 673
33 40 159
33 41 107
33 42 139
33 43 156
33 44 145
33 45 386
33 46 398
33 47 158
33 48 447
33 49 124
33 52 254
33 55 279
33 57 125
33 58 512
33 62 312
33 63 137
33 64 269
33 67 280
33 69 242
33 70 211
33 71 189
33 72 160
33 73 171
33 74 164
33 80 427
33 81 117
33 82 339
33 83 169
33 84 188
33 86 305
33 87 500
33 88 158
33 90 119
33 91 694
33 92 386
33 93 541
33 95 621
33 97 860
33 99 565
33 100 134
34 1 289
34 2 252
34 3 410
34 4 534
34 5 155
34 7 328
34 8 120
34 11 406
34 13 544
34 15 514
34 16 549
34 20 139
34 21 122
34 24 220
34 25 202
34 27 301
34 31 243
34 33 102
34 35 255
34 37 162
34 38 225
34 39 432
34 41 170
34 42 261
34 43 151
34 45 262
34 46 153
34 48 548
34 51 395
34 56 353
34 58 115
34 59 223
34 61 167
34 62 358
34 64 252
34 65 227
34 68 723
34 69 149
34 72 343
34 77 395
34 78 278
34 79 287
34 80 233
34 81 369
34 82 412
34 84 372
34 85 229
34 86 488
34 88 313
34 90 262
34 93 147
34 94 230
34 95 359
34 96 103
34 97 532
34 98 172
34 99 188
34 100 218
35 1 291
35 2 199
35 7 740
35 16 234
35 17 269
35 22 168
35 23 114
35 27 165
35 33 153
35 34 255
35 36 140
35 38 110
35 41 296
35 43 201
35 49 654
35 50 138
35 51 133
35 52 145
35 53 131
35 56 178
35 57 447
35 59 338
35 60 467
35 64 352
35 66 157
35 67 509
35 68 136
35 69 595
35 74 240
35 77 141
35 82 226
35 88 541
35 89 353
35 94 359
35 95 203
35 97 216
35 98 364
35 99 331
36 1 195
36 2 771
36 3 203
36 4 387
36 5 450
36 6 119
36 7 811
36 9 220
36 10 404
36 15 278
36 17 447
36 18 186
36 19 255
36 21 358
36 23 677
36 24 430
36 25 260
36 26 205
36 27 288
36 28 264
36 31 262
36 32 645
36 35 140
36 37 715
36 38 158
36 39 397
36 41 109
36 42 291
36 43 618
36 46 168
36 48 341
36 49 468
36 50 175
36 52 434
36 54 227
36 56 241
36 57 716
36 58 545
36 59 444
36 60 131
36 61 358
36 62 154
36 63 429
36 67 920
36 68 728
36 69 122
36 70 197
36 71 191
36 74 464
36 77 242
36 78 152
36 79 309
36 80 277
36 81 744
36 82 326
36 83 132
36 85 286
36 86 733
36 87 170
36 91 231
36 92 258
36 93 162
36 95 151
36 96 106
36 97 300
36 98 181
37 1 147
37 2 223
37 3 166
37 5 104
37 6 346
37 7 264
37 8 342
37 9 185
37 13 347
37 17 165
37 18 126
37 19 140
37 20 213
37 21 144
37 23 545
37 24 147
37 25 640
37 26 397
37 27 169
37 29 254
37 31 179
37 34 162
37 36 715
37 38 189
37 39 176
37 40 269
37 41 597
37 46 667
37 55 109
37 57 513
37 58 215
37 60 179
37 61 379
37 62 156
37 64 355
37 67 566
37 70 329
37 71 118
37 72 287
37 73 136
37 75 343
37 76 420
37 77 180
37 78 149
37 80 192
37 82 377
37 86 315
37 88 496
37 90 415
37 92 165
37 93 396
37 94 380
37 95 350
37 97 386
37 98 209
37 99 187
37 100 113
38 1 644
38 2 228
38 3 175
38 5 384
38 7 231
38 8 123
38 9 324
38 11 309
38 12 154
38 15 498
38 16 280
38 17 480
38 20 217
38 24 106
38 25 221
38 27 379
38 28 690
38 30 112
38 32 326
38 33 673
38 34 225
38 35 110
38 36 158
38 37 189
38 39 458
38 40 114
38 41 182
38 43 170
38 44 229
38 45 436
38 50 535
38 52 201
38 54 746
38 56 565
38 57 154
38 58 185
38 59 417
38 60 715
38 61 335
38 62 423
38 63 192
38 64 481
38 65 108
38 66 244
38 68 245
38 69 585
38 70 151
38 71 115
38 73 546
38 74 636
38 76 480
38 77 631
38 78 773
38 79 217
38 80 681
38 84 166
38 85 456
38 86 281
38 87 141
38 88 136
38 89 389
38 91 173
38 93 648
38 95 408
38 96 149
38 97 765
38 99 194
39 1 183
39 3 351
39 5 132
39 8 179
39 9 107
39 10 173
39 11 196
39 17 137
39 18 256
39 19 160
39 24 450
39 29 128
39 30 135
39 34 432
39 36 397
39 37 176
39 38 458
39 42 322
39 43 163
39 49 238
39 51 133
39 54 231
39 56 302
39 59 203
39 60 257
39 62 425
39 63 112
39 67 460
39 68 418
39 70 228
39 75 180
39 77 261
39 78 345
39 79 147
39 82 108
39 91 226
39 92 183
39 93 410
39 96 104
39 98 633
39 99 250
39 100 172
40 1 309
40 3 194
40 8 927
40 10 351
40 14 532
40 16 360
40 17 352
40 20 143
40 21 199
40 22 301
40 26 138
40 28 178
40 32 139
40 33 159
40 37 269
40 38 114
40 48 178
40 49 378
40 52 178
40 53 191
40 54 111
40 60 618
40 61 142
40 63 328
40 68 106
40 70 202
40 73 109
40 74 893
40 76 363
40 80 239
40 83 380
40 84 106
40 94 888
41 7 309
41 9 123
41 10 310
41 18 123
41 19 228
41 21 102
41 22 102
41 23 140
41 25 487
41 26 221
41 28 265
41 29 238
41 30 279
41 33 107
41 34 170
41 35 296
41 36 109
41 37 597
41 38 182
41 44 356
41 45 529
41 48 322
41 49 366
41 54 198
41 56 539
41 57 150
41 58 229
41 61 299
41 66 106
41 67 195
41 68 138
41 69 179
41 70 352
41 71 107
41 73 224
41 74 138
41 77 110
41 79 363
41 85 139
41 87 300
41 90 109
41 91 333
41 93 320
41 98 382
41 99 148
42 2 248
42 3 404
42 4 534
42 7 346
42 9 209
42 10 351
42 12 831
42 14 109
42 16 244
42 19 453
42 20 893
42 23 298
42 24 442
42 27 789
42 28 268
42 29 177
42 31 131
42 33 139
42 34 261
42 36 291
42 39 322
42 43 446
42 46 1120
42 47 165
42 49 141
42 50 188
42 51 566
42 56 179
42 59 780
42 60 124
42 61 169
42 62 268
42 66 138
42 67 285
42 68 295
42 70 252
42 71 387
42 72 198
42 74 242
42 75 124
42 76 751
42 77 531
42 78 293
42 82 125
42 83 218
42 85 365
42 88 158
42 97 188
42 100 131
43 1 203
43 3 524
43 4 301
43 6 179
43 9 321
43 10 323
43 14 272
43 15 250
43 16 140
43 18 159
43 19 256
43 21 179
43 23 158
43 24 456
43 26 144
43 27 545
43 28 611
43 30 140
43 31 139
43 32 184
43 33 156
43 34 151
43 35 201
43 36 618
43 38 170
43 39 163
43 42 446
43 45 336
43 46 679
43 47 483
43 49 363
43 51 187
43 53 194
43 55 336
43 56 434
43 57 337
43 59 266
43 60 491
43 61 558
43 62 350
43 64 197
43 65 341
43 66 177
43 67 156
43 69 230
43 72 539
43 73 314
43 75 328
43 76 118
43 81 101
43 83 338
43 84 294
43 87 370
43 93 191
43 94 112
43 96 112
43 100 124
44 1 153
44 2 229
44 3 283
44 10 124
44 11 117
44 13 104
44 16 116
44 20 282
44 22 811
44 28 260
44 30 184
44 31 633
44 32 178
44 33 145
44 38 229
44 41 356
44 45 251
44 49 162
44 51 175
44 52 142
44 54 285
44 57 382
44 58 158
44 63 123
44 68 582
44 69 476
44 70 221
44 72 310
44 74 178
44 76 389
44 77 326
44 78 386
44 82 120
44 85 333
44 89 233
44 91 148
44 92 222
44 97 219
44 98 114
44 99 535
45 1 233
45 2 173
45 3 391
45 4 376
45 6 283
45 7 144
45 8 541
45 9 150
45 10 265
45 11 462
45 13 251
45 14 306
45 15 355
45 17 229
45 18 232
45 19 306
45 20 240
45 21 195
45 23 299
45 26 135
45 29 490
45 30 446
45 31 157
45 33 386
45 34 262
45 38 436
45 41 529
45 43 336
45 44 251
45 46 1029
45 49 335
45 51 140
45 53 401
45 54 749
45 55 281
45 56 387
45 58 121
45 59 1242
45 60 776
45 61 152
45 62 156
45 64 153
45 65 122
45 66 873
45 68 564
45 69 194
45 71 432
45 72 347
45 73 601
45 74 174
45 75 138
45 76 458
45 83 131
45 87 424
45 89 157
45 90 318
45 91 437
45 92 165
45 93 355
45 94 261
45 95 477
45 97 760
45 98 198
45 99 199
46 1 306
46 3 337
46 4 180
46 6 165
46 7 129
46 9 793
46 10 562
46 11 195
46 12 523
46 13 334
46 15 745
46 17 634
46 18 251
46 19 606
46 21 420
46 23 394
46 24 149
46 25 468
46 27 636
46 28 208
46 32 270
46 33 398
46 34 153
46 36 168
46 37 667
46 42 1120
46 43 679
46 45 1029
46 47 648
46 48 450
46 49 133
46 50 334
46 52 299
46 53 288
46 54 399
46 56 217
46 57 584
46 58 127
46 59 795
46 60 693
46 61 213
46 62 759
46 64 566
46 66 205
46 67 427
46 68 267
46 69 925
46 70 309
46 73 132
46 74 186
46 75 111
46 76 793
46 77 264
46 78 129
46 79 124
46 81 834
46 83 266
46 84 171
46 86 404
46 87 315
46 88 155
46 89 635
46 91 312
46 93 274
46 94 318
46 95 253
46 96 813
46 97 750
46 98 303
46 99 200
46 100 333
47 1 120
47 2 181
47 3 599
47 5 173
47 8 109
47 9 239
47 11 332
47 13 454
47 14 431
47 16 518
47 20 188
47 23 357
47 24 228
47 25 249
47 27 297
47 30 145
47 31 245
47 33 158
47 42 165
47 43 483
47 46 648
47 48 473
47 49 200
47 50 128
47 52 125
47 54 120
47 56 513
47 57 123
47 58 659
47 59 601
47 60 858
47 61 505
47 62 193
47 64 510
47 65 280
47 66 190
47 67 543
47 72 184
47 73 237
47 74 256
47 76 319
47 77 123
47 78 159
47 86 979
47 87 221
47 88 582
47 89 253
47 93 560
47 97 272
47 100 173
48 1 386
48 4 231
48 8 204
48 10 140
48 11 126
48 14 138
48 15 102
48 17 113
48 20 395
48 21 408
48 23 775
48 24 1044
48 28 260
48 29 506
48 30 164
48 31 498
48 33 447
48 34 548
48 36 341
48 40 178
48 41 322
48 46 450
48 47 473
48 49 225
48 50 123
48 52 110
48 55 784
48 57 418
48 59 218
48 60 173
48 61 299
48 62 222
48 64 620
48 69 112
48 70 127
48 71 108
48 72 159
48 76 505
48 77 147
48 79 607
48 80 120
48 85 102
48 86 113
48 88 338
48 91 460
48 92 171
48 93 183
48 95 332
48 97 697
48 98 563
49 1 151
49 2 129
49 3 412
49 5 507
49 6 337
49 7 486
49 9 222
49 10 180
49 12 256
49 15 216
49 18 114
49 19 162
49 23 482
49 24 176
49 25 180
49 27 265
49 32 166
49 33 124
49 35 654
49 36 468
49 39 238
49 40 378
49 41 366
49 42 141
49 43 363
49 44 162
49 45 335
49 46 133
49 47 200
49 48 225
49 50 143
49 52 431
49 53 122
49 54 217
49 55 120
49 56 204
49 57 134
49 58 143
49 59 1065
49 60 248
49 61 153
49 62 169
49 63 510
49 64 421
49 65 165
49 68 140
49 75 153
49 78 552
49 80 468
49 81 143
49 82 380
49 84 349
49 85 437
49 89 183
49 91 243
49 93 184
49 94 151
49 95 831
49 97 282
49 98 122
49 100 198
50 9 521
50 10 117
50 11 115
50 12 147
50 18 109
50 20 134
50 23 155
50 24 924
50 26 209
50 35 138
50 36 175
50 38 535
50 42 188
50 46 334
50 47 128
50 48 123
50 49 143
50 51 283
50 52 503
50 57 549
50 59 179
50 63 234
50 66 230
50 67 364
50 68 215
50 71 197
50 74 186
50 75 307
50 76 751
50 77 131
50 79 228
50 80 204
50 86 195
50 87 136
50 88 183
50 90 159
50 99 548
51 2 137
51 3 273
51 4 246
51 5 229
51 8 151
51 10 650
51 16 199
51 19 109
51 22 201
51 23 118
51 29 118
51 30 200
51 32 216
51 34 395
51 35 133
51 39 133
51 42 566
51 43 187
51 44 175
51 45 140
51 50 283
51 52 127
51 55 770
51 56 133
51 59 194
51 60 122
51 62 194
51 65 122
51 67 463
51 68 166
51 72 432
51 76 132
51 78 306
51 81 213
51 82 178
51 83 226
51 84 333
51 86 131
51 88 441
51 89 204
51 93 263
51 94 206
51 95 184
51 97 531
51 98 121
52 1 103
52 2 294
52 3 140
52 4 161
52 7 148
52 10 194
52 13 199
52 14 371
52 15 372
52 18 254
52 19 430
52 23 245
52 25 167
52 27 330
52 32 352
52 33 254
52 35 145
52 36 434
52 38 201
52 40 178
52 44 142
52 46 299
52 47 125
52 48 110
52 49 431
52 50 503
52 51 127
52 53 233
52 54 311
52 55 225
52 57 103
52 60 271
52 62 144
52 64 397
52 65 219
52 67 197
52 68 540
52 70 188
52 71 159
52 72 502
52 76 407
52 77 284
52 78 646
52 79 334
52 80 271
52 81 261
52 83 619
52 86 275
52 90 496
52 92 155
52 93 1111
52 94 164
52 95 213
52 96 184
52 97 744
52 98 121
52 99 115
52 100 174
53 1 146
53 2 194
53 3 636
53 4 118
53 6 263
53 8 247
53 9 153
53 16 283
53 17 427
53 19 177
53 22 278
53 24 384
53 25 340
53 27 293
53 29 147
53 30 209
53 35 131
53 40 191
53 43 194
53 45 401
53 46 288
53 49 122
53 52 233
53 54 139
53 55 230
53 56 206
53 58 226
53 59 106
53 60 243
53 64 212
53 67 222
53 68 262
53 69 274
53 77 177
53 78 206
53 80 772
53 82 332
53 84 179
53 90 129
53 91 270
53 92 177
53 94 240
53 97 286
53 98 161
54 2 344
54 3 423
54 4 343
54 10 108
54 11 249
54 14 475
54 15 248
54 17 295
54 20 351
54 22 242
54 24 294
54 26 262
54 27 174
54 31 378
54 36 227
54 38 746
54 39 231
54 40 111
54 41 198
54 44 285
54 45 749
54 46 399
54 47 120
54 49 217
54 52 311
54 53 139
54 55 494
54 56 170
54 57 150
54 58 119
54 60 339
54 61 139
54 62 150
54 63 474
54 64 312
54 67 224
54 68 519
54 70 395
54 73 186
54 74 287
54 75 234
54 76 521
54 77 262
54 78 175
54 80 238
54 81 668
54 82 373
54 83 173
54 84 114
54 86 419
54 87 115
54 88 181
54 93 251
54 95 143
54 96 269
54 99 508
54 100 550
55 2 367
55 4 399
55 8 148
55 9 558
55 11 125
55 13 143
55 14 153
55 15 167
55 16 220
55 21 256
55 29 504
55 33 279
55 37 109
55 43 336
55 45 281
55 48 784
55 49 120
55 51 770
55 52 225
55 53 230
55 54 494
55 56 163
55 62 180
55 63 430
55 65 304
55 66 211
55 75 467
55 77 168
55 78 189
55 79 140
55 80 165
55 82 278
55 87 175
55 89 481
55 96 307
55 97 340
55 98 116
55 99 154
56 1 208
56 3 279
56 4 163
56 5 697
56 7 344
56 8 511
56 9 382
56 10 121
56 11 364
56 14 304
56 15 441
56 18 450
56 19 551
56 20 165
56 23 282
56 24 386
56 25 190
56 26 147
56 27 199
56 28 294
56 29 1062
56 34 353
56 35 178
56 36 241
56 38 565
56 39 302
56 41 539
56 42 179
56 43 434
56 45 387
56 46 217
56 47 513
56 49 204
56 51 133
56 53 206
56 54 170
56 55 163
56 58 195
56 59 531
56 60 358
56 61 687
56 62 1039
56 63 145
56 64 154
56 66 200
56 68 676
56 69 246
56 71 224
56 72 498
56 73 133
56 74 390
56 75 204
56 76 347
56 77 773
56 80 335
56 81 282
56 82 114
56 85 479
56 87 652
56 88 130
56 91 441
56 93 393
56 94 239
56 96 108
56 99 410
57 2 1185
57 3 437
57 4 113
57 5 150
57 8 157
57 9 337
57 10 102
57 11 248
57 12 183
57 13 537
57 15 365
57 17 320
57 21 159
57 22 134
57 23 491
57 25 193
57 27 123
57 32 696
57 33 125
57 35 447
57 36 716
57 37 513
57 38 154
57 41 150
57 43 337
57 44 382
57 46 584
57 47 123
57 48 418
57 49 134
57 50 549
57 52 103
57 54 150
57 58 296
57 59 527
57 60 113
57 64 217
57 67 585
57 71 487
57 74 161
57 76 290
57 77 265
57 78 270
57 80 235
57 81 290
57 83 163
57 84 135
57 86 494
57 87 101
57 88 146
57 94 193
57 96 143
57 97 432
57 99 534
58 1 171
58 2 480
58 3 409
58 4 254
58 5 298
58 9 192
58 10 707
58 13 185
58 17 222
58 22 775
58 24 285
58 27 188
58 30 398
58 31 250
58 32 202
58 33 512
58 34 115
58 36 545
58 37 215
58 38 185
58 41 229
58 44 158
58 45 121
58 46 127
58 47 659
58 49 143
58 53 226
58 54 119
58 56 195
58 57 296
58 59 223
58 60 649
58 63 399
58 66 215
58 67 422
58 68 547
58 70 202
58 71 201
58 73 333
58 74 262
58 76 699
58 77 176
58 78 186
58 79 157
58 81 180
58 83 128
58 86 154
58 87 111
58 88 361
58 90 318
58 93 216
58 94 297
58 95 499
58 96 244
58 97 478
58 99 132
59 3 198
59 4 211
59 5 321
59 7 436
59 8 202
59 9 240
59 11 137
59 13 183
59 14 515
59 16 170
59 18 473
59 19 352
59 20 528
59 23 330
59 24 307
59 26 561
59 27 227
59 28 104
59 29 153
59 30 224
59 31 128
59 34 223
59 35 338
59 36 444
59 38 417
59 39 203
59 42 780
59 43 266
59 45 1242
59 46 795
59 47 601
59 48 218
59 49 1065
59 50 179
59 51 194
59 53 106
59 56 531
59 57 527
59 58 223
59 60 327
59 62 440
59 63 117
59 66 764
59 67 266
59 68 839
59 70 315
59 71 358
59 72 281
59 73 208
59 74 655
59 75 191
59 76 545
59 77 404
59 78 299
59 79 152
59 80 197
59 82 207
59 84 239
59 85 232
59 89 127
59 90 160
59 92 431
59 93 408
59 97 126
59 98 303
59 100 151
60 1 263
60 2 249
60 5 115
60 6 585
60 9 128
60 10 140
60 11 480
60 12 198
60 15 171
60 16 230
60 17 232
60 18 587
60 20 727
60 21 369
60 22 106
60 23 509
60 26 548
60 27 183
60 29 636
60 30 1010
60 31 438
60 35 467
60 36 131
60 37 179
60 38 715
60 39 257
60 40 618
60 42 124
60 43 491
60 45 776
60 46 693
60 47 858
60 48 173
60 49 248
60 51 122
60 52 271
60 53 243
60 54 339
60 56 358
60 57 113
60 58 649
60 59 327
60 61 502
60 62 639
60 64 101
60 66 210
60 68 280
60 69 395
60 70 488
60 72 300
60 73 286
60 74 907
60 76 1026
60 78 454
60 79 212
60 80 330
60 82 401
60 83 255
60 84 312
60 85 494
60 88 102
60 91 315
60 92 856
60 93 928
60 94 283
60 95 588
60 96 339
60 97 986
60 98 177
60 99 439
60 100 314
61 7 279
61 10 426
61 11 521
61 14 160
61 15 298
61 16 103
61 17 210
61 21 308
61 22 268
61 23 276
61 24 290
61 26 179
61 27 293
61 28 110
61 34 167
61 36 358
61 37 379
61 38 335
61 40 142
61 41 299
61 42 169
61 43 558
61 45 152
61 46 213
61 47 505
61 48 299
61 49 153
61 54 139
61 56 687
61 60 502
61 62 525
61 63 321
61 65 222
61 66 234
61 67 333
61 69 217
61 70 222
61 72 275
61 74 305
61 75 295
61 76 353
61 77 180
61 78 864
61 80 356
61 81 252
61 84 156
61 87 504
61 88 118
61 89 107
61 91 315
61 93 282
61 95 317
61 96 585
61 97 180
61 98 288
61 99 191
62 1 215
62 2 125
62 3 474
62 4 107
62 5 294
62 6 556
62 7 149
62 10 452
62 11 105
62 12 155
62 13 637
62 14 361
62 15 249
62 18 229
62 23 398
62 24 1058
62 27 117
62 29 178
62 30 316
62 31 339
62 32 257
62 33 312
62 34 358
62 36 154
62 37 156
62 38 423
62 39 425
62 42 268
62 43 350
62 45 156
62 46 759
62 47 193
62 48 222
62 49 169
62 51 194
62 52 144
62 54 150
62 55 180
62 56 1039
62 59 440
62 60 639
62 61 525
62 63 130
62 64 321
62 66 376
62 68 329
62 71 192
62 72 484
62 73 101
62 74 163
62 75 261
62 76 548
62 77 454
62 78 185
62 79 638
62 80 335
62 81 165
62 84 249
62 87 155
62 88 307
62 90 551
62 92 218
62 93 603
62 94 408
62 95 181
62 96 103
62 97 523
62 98 329
62 99 658
62 100 170
63 3 135
63 4 159
63 10 354
63 14 259
63 15 193
63 19 281
63 23 103
63 24 148
63 27 470
63 33 137
63 36 429
63 38 192
63 39 112
63 40 328
63 44 123
63 49 510
63 50 234
63 54 474
63 55 430
63 56 145
63 58 399
63 59 117
63 61 321
63 62 130
63 64 298
63 68 507
63 69 554
63 74 109
63 79 103
63 81 632
63 83 232
63 84 103
63 86 543
63 87 118
63 88 351
63 89 375
63 90 183
63 91 113
63 95 189
63 97 136
64 1 321
64 7 239
64 8 136
64 11 238
64 12 343
64 14 264
64 15 128
64 17 212
64 18 187
64 19 290
64 20 347
64 24 366
64 25 336
64 30 199
64 31 123
64 32 259
64 33 269
64 34 252
64 35 352
64 37 355
64 38 481
64 43 197
64 45 153
64 46 566
64 47 510
64 48 620
64 49 421
64 52 397
64 53 212
64 54 312
64 56 154
64 57 217
64 60 101
64 62 321
64 63 298
64 65 270
64 66 243
64 67 265
64 68 181
64 69 699
64 70 316
64 71 207
64 72 151
64 75 357
64 76 220
64 78 434
64 81 313
64 84 141
64 86 219
64 87 483
64 90 128
64 91 463
64 93 189
64 95 298
64 96 119
64 97 1006
65 2 821
65 4 876
65 10 112
65 12 194
65 17 150
65 18 142
65 19 451
65 22 124
65 23 457
65 24 109
65 25 248
65 32 147
65 34 227
65 38 108
65 43 341
65 45 122
65 47 280
65 49 165
65 51 122
65 52 219
65 55 304
65 61 222
65 64 270
65 66 156
65 67 119
65 68 121
65 69 110
65 74 417
65 76 132
65 80 150
65 81 299
65 82 669
65 85 286
65 86 155
65 87 206
65 88 454
65 93 215
65 97 207
65 98 551
66 1 261
66 3 1007
66 5 200
66 8 128
66 12 426
66 20 108
66 21 121
66 26 527
66 27 533
66 32 159
66 35 157
66 38 244
66 41 106
66 42 138
66 43 177
66 45 873
66 46 205
66 47 190
66 50 230
66 55 211
66 56 200
66 58 215
66 59 764
66 60 210
66 61 234
66 62 376
66 64 243
66 65 156
66 68 503
66 70 261
66 72 221
66 74 175
66 77 226
66 81 205
66 87 133
66 95 244
66 97 216
67 1 115
67 2 164
67 3 299
67 5 354
67 6 106
67 9 912
67 10 304
67 11 914
67 14 507
67 17 386
67 19 316
67 20 162
67 21 498
67 23 728
67 24 113
67 25 372
67 27 588
67 29 303
67 30 303
67 33 280
67 35 509
67 36 920
67 37 566
67 39 460
67 41 195
67 42 285
67 43 156
67 46 427
67 47 543
67 50 364
67 51 463
67 52 197
67 53 222
67 54 224
67 57 585
67 58 422
67 59 266
67 61 333
67 64 265
67 65 119
67 68 328
67 69 1047
67 71 203
67 73 267
67 74 225
67 76 481
67 77 662
67 79 325
67 80 101
67 82 293
67 84 787
67 85 367
67 86 245
67 87 106
67 88 432
67 90 201
67 92 189
67 93 138
67 94 171
67 97 275
67 99 544
68 2 170
68 4 494
68 5 390
68 6 164
68 7 205
68 8 492
68 9 536
68 11 264
68 13 416
68 14 441
68 15 488
68 17 168
68 18 336
68 19 280
68 22 116
68 23 151
68 25 387
68 27 102
68 32 544
68 34 723
68 35 136
68 36 728
68 38 245
68 39 418
68 40 106
68 41 138
68 42 295
68 44 582
68 45 564
68 46 267
68 49 140
68 50 215
68 51 166
68 52 540
68 53 262
68 54 519
68 56 676
68 58 547
68 59 839
68 60 280
68 62 329
68 63 507
68 64 181
68 65 121
68 66 503
68 67 328
68 71 654
68 72 298
68 74 134
68 77 459
68 78 263
68 80 218
68 81 487
68 82 379
68 83 261
68 88 153
68 89 117
68 91 663
68 92 230
68 93 389
68 94 134
68 95 356
68 96 331
68 97 718
69 1 189
69 2 328
69 3 125
69 4 181
69 5 284
69 7 648
69 8 110
69 9 678
69 11 193
69 12 181
69 13 243
69 16 170
69 17 121
69 19 538
69 20 173
69 25 190
69 26 495
69 31 218
69 32 105
69 33 242
69 34 149
69 35 595
69 36 122
69 38 585
69 41 179
69 43 230
69 44 476
69 45 194
69 46 925
69 48 112
69 53 274
69 56 246
69 60 395
69 61 217
69 63 554
69 64 699
69 65 110
69 67 1047
69 70 603
69 71 230
69 74 345
69 76 492
69 77 364
69 78 291
69 83 169
69 84 114
69 85 192
69 86 230
69 88 186
69 89 197
69 90 180
69 95 333
69 97 167
69 98 186
70 1 261
70 2 128
70 4 598
70 5 449
70 6 146
70 7 322
70 9 118
70 10 109
70 11 412
70 12 800
70 13 315
70 15 288
70 16 276
70 17 130
70 21 103
70 22 117
70 24 220
70 26 107
70 27 146
70 33 211
70 36 197
70 37 329
70 38 151
70 39 228
70 40 202
70 41 352
70 42 252
70 44 221
70 46 309
70 48 127
70 52 188
70 54 395
70 58 202
70 59 315
70 60 488
70 61 222
70 64 316
70 66 261
70 69 603
70 71 183
70 72 255
70 73 316
70 74 739
70 75 135
70 76 303
70 77 429
70 82 112
70 83 197
70 84 323
70 85 256
70 86 274
70 87 571
70 88 142
70 89 360
70 90 244
70 91 267
70 93 211
70 95 187
70 97 386
70 98 249
70 100 252
71 2 113
71 4 161
71 7 288
71 8 130
71 9 164
71 10 111
71 11 174
71 12 119
71 13 168
71 14 101
71 15 170
71 19 353
71 23 194
71 26 192
71 28 160
71 33 189
71 36 191
71 37 118
71 38 115
71 41 107
71 42 387
71 45 432
71 48 108
71 50 197
71 52 159
71 56 224
71 57 487
71 58 201
71 59 358
71 62 192
71 64 207
71 67 203
71 68 654
71 69 230
71 70 183
71 72 216
71 73 312
71 75 181
71 77 252
71 82 217
71 86 229
71 87 303
71 88 342
71 92 205
71 93 162
71 94 377
71 98 111
71 100 167
72 1 183
72 2 236
72 4 608
72 5 210
72 7 1181
72 9 318
72 10 262
72 11 533
72 17 114
72 22 339
72 23 313
72 25 195
72 31 538
72 33 160
72 34 343
72 37 287
72 42 198
72 43 539
72 44 310
72 45 347
72 47 184
72 48 159
72 51 432
72 52 502
72 56 498
72 59 281
72 60 300
72 61 275
72 62 484
72 64 151
72 66 221
72 68 298
72 70 255
72 71 216
72 74 1242
72 76 218
72 77 416
72 79 542
72 81 243
72 84 380
72 87 172
72 88 333
72 89 257
72 90 268
72 92 147
72 95 152
72 96 390
72 97 298
72 99 114
72 100 180
73 1 258
73 2 644
73 4 309
73 6 403
73 7 212
73 9 519
73 11 114
73 18 534
73 21 170
73 25 371
73 27 113
73 33 171
73 37 136
73 38 546
73 40 109
73 41 224
73 43 314
73 45 601
73 46 132
73 47 237
73 54 186
73 56 133
73 58 333
73 59 208
73 60 286
73 62 101
73 67 267
73 70 316
73 71 312
73 74 569
73 75 236
73 77 135
73 78 452
73 92 315
73 97 647
73 98 107
74 1 134
74 2 513
74 5 366
74 10 139
74 11 351
74 12 159
74 15 407
74 18 337
74 19 451
74 21 132
74 23 171
74 24 170
74 25 388
74 27 621
74 29 197
74 30 411
74 31 401
74 32 473
74 33 164
74 35 240
74 36 464
74 38 636
74 40 893
74 41 138
74 42 242
74 44 178
74 45 174
74 46 186
74 47 256
74 50 186
74 54 287
74 56 390
74 57 161
74 58 262
74 59 655
74 60 907
74 61 305
74 62 163
74 63 109
74 65 417
74 66 175
74 67 225
74 68 134
74 69 345
74 70 739
74 72 1242
74 73 569
74 75 230
74 76 220
74 77 239
74 78 356
74 80 197
74 81 137
74 82 153
74 83 245
74 84 141
74 86 290
74 87 409
74 90 794
74 91 750
74 94 359
74 95 292
74 97 496
74 98 558
74 99 371
75 4 265
75 5 149
75 9 346
75 12 168
75 14 216
75 21 142
75 23 391
75 27 399
75 28 173
75 29 549
75 37 343
75 39 180
75 42 124
75 43 328
75 45 138
75 46 111
75 49 153
75 50 307
75 54 234
75 55 467
75 56 204
75 59 191
75 61 295
75 62 261
75 64 357
75 70 135
75 71 181
75 73 236
75 74 230
75 76 484
75 77 436
75 80 332
75 82 432
75 86 379
75 91 145
75 92 297
75 95 416
75 96 432
75 100 289
76 2 399
76 3 482
76 4 217
76 6 191
76 7 102
76 8 452
76 10 380
76 11 216
76 13 749
76 16 701
76 21 181
76 22 102
76 23 170
76 25 133
76 28 350
76 30 348
76 32 391
76 37 420
76 38 480
76 40 363
76 42 751
76 43 118
76 44 389
76 45 458
76 46 793
76 47 319
76 48 505
76 50 751
76 51 132
76 52 407
76 54 521
76 56 347
76 57 290
76 58 699
76 59 545
76 60 1026
76 61 353
76 62 548
76 64 220
76 65 132
76 67 481
76 69 492
76 70 303
76 72 218
76 74 220
76 75 484
76 77 641
76 78 393
76 80 125
76 83 396
76 87 570
76 88 255
76 89 227
76 90 348
76 91 281
76 92 180
76 94 281
76 96 368
76 97 121
76 98 245
76 99 312
77 1 244
77 2 186
77 3 728
77 4 131
77 5 104
77 6 261
77 7 695
77 9 135
77 10 128
77 11 426
77 14 169
77 15 265
77 16 428
77 17 480
77 18 177
77 19 106
77 21 227
77 22 284
77 23 167
77 24 332
77 25 231
77 26 413
77 29 236
77 34 395
77 35 141
77 36 242
77 37 180
77 38 631
77 39 261
77 41 110
77 42 531
77 44 326
77 46 264
77 47 123
77 48 147
77 50 131
77 52 284
77 53 177
77 54 262
77 55 168
77 56 773
77 57 265
77 58 176
77 59 404
77 61 180
77 62 454
77 66 226
77 67 662
77 68 459
77 69 364
77 70 429
77 71 252
77 72 416
77 73 135
77 74 239
77 75 436
77 76 641
77 78 122
77 80 485
77 81 395
77 82 470
77 86 622
77 88 1031
77 93 807
77 94 231
77 95 500
77 97 290
77 98 354
78 1 337
78 2 1672
78 3 1374
78 4 606
78 5 120
78 7 163
78 8 209
78 10 671
78 11 143
78 12 355
78 13 132
78 14 178
78 15 304
78 18 260
78 21 416
78 23 478
78 25 320
78 26 273
78 27 544
78 29 194
78 34 278
78 36 152
78 37 149
78 38 773
78 39 345
78 42 293
78 44 386
78 46 129
78 47 159
78 49 552
78 51 306
78 52 646
78 53 206
78 54 175
78 55 189
78 57 270
78 58 186
78 59 299
78 60 454
78 61 864
78 62 185
78 64 434
78 68 263
78 69 291
78 73 452
78 74 356
78 76 393
78 77 122
78 79 107
78 80 113
78 81 110
78 82 508
78 85 298
78 86 266
78 87 596
78 88 159
78 89 652
78 93 571
78 95 348
78 97 632
78 100 319
79 2 254
79 4 508
79 8 139
79 11 179
79 13 194
79 15 320
79 21 349
79 22 165
79 23 324
79 26 159
79 34 287
79 36 309
79 38 217
79 39 147
79 41 363
79 46 124
79 48 607
79 50 228
79 52 334
79 55 140
79 58 157
79 59 152
79 60 212
79 62 638
79 63 103
79 67 325
79 72 542
79 78 107
79 81 218
79 85 231
79 86 518
79 87 306
79 88 169
79 89 384
79 92 266
79 93 228
79 98 264
79 99 247
80 2 321
80 3 196
80 4 213
80 6 239
80 7 120
80 9 264
80 10 200
80 11 239
80 12 149
80 15 536
80 16 590
80 18 132
80 19 145
80 21 250
80 23 408
