*vertices 100
*edges
1 2 137
1 3 631
1 4 462
1 5 1224
1 6 255
1 8 188
1 10 361
1 11 565
1 12 378
1 13 121
1 14 246
1 15 396
1 16 152
1 17 375
1 18 129
1 20 566
1 21 159
1 22 118
1 24 470
1 27 563
1 30 380
1 31 307
1 32 414
1 34 224
1 38 514
1 39 302
1 42 197
1 43 106
1 45 108
1 49 113
1 50 101
1 54 128
1 55 311
1 61 128
1 64 129
1 67 130
1 68 806
1 71 371
1 73 407
1 75 198
1 76 141
1 77 397
1 79 496
1 81 268
1 82 397
1 83 598
1 91 324
1 94 104
1 97 121
1 98 219
1 99 653
2 1 137
2 3 1912
2 4 853
2 5 3585
2 6 1650
2 7 2111
2 8 979
2 9 906
2 10 1017
2 11 572
2 12 649
2 13 888
2 14 2242
2 15 138
2 16 1606
2 17 254
2 19 809
2 20 1066
2 21 208
2 22 346
2 23 630
2 24 499
2 26 544
2 27 890
2 28 170
2 29 657
2 30 435
2 31 405
2 32 421
2 33 669
2 34 304
2 35 416
2 36 1314
2 37 364
2 38 164
2 39 636
2 40 458
2 41 615
2 42 689
2 43 440
2 44 392
2 45 222
2 48 543
2 51 105
2 52 345
2 56 396
2 57 557
2 58 596
2 59 551
2 62 153
2 63 752
2 64 436
2 66 692
2 67 339
2 68 196
2 69 395
2 72 1509
2 73 297
2 76 213
2 77 775
2 78 251
2 82 240
2 83 193
2 84 479
2 85 486
2 86 378
2 87 257
2 90 523
2 93 187
2 94 129
2 95 297
2 96 270
2 97 176
2 98 530
2 99 186
2 100 427
3 1 754
3 2 1968
3 4 2949
3 5 4814
3 6 3493
3 7 4032
3 8 3264
3 9 2114
3 10 2061
3 11 1262
3 12 2059
3 13 1406
3 14 3067
3 15 1376
3 16 3285
3 17 919
3 18 1405
3 19 1453
3 20 1576
3 21 2907
3 22 710
3 23 1419
3 24 1896
3 25 579
3 26 500
3 27 1778
3 28 965
3 29 1157
3 30 852
3 31 2034
3 32 2269
3 33 2586
3 34 625
3 35 1292
3 36 2181
3 37 761
3 38 1826
3 39 789
3 40 1785
3 41 1426
3 42 2632
3 43 1493
3 44 1270
3 45 986
3 46 1229
3 47 1137
3 48 799
3 49 510
3 50 345
3 51 826
3 52 1052
3 53 1004
3 54 1296
3 55 883
3 56 1326
3 57 1848
3 58 118
3 59 1257
3 60 617
3 61 1647
3 62 2290
3 63 1589
3 64 917
3 65 915
3 66 614
3 67 913
3 68 297
3 69 1547
3 70 538
3 71 1305
3 72 1591
3 73 538
3 74 530
3 75 1172
3 76 1325
3 77 213
3 79 193
3 80 393
3 81 620
3 83 1792
3 84 1257
3 85 672
3 86 218
3 87 456
3 88 158
3 89 570
3 90 304
3 91 169
3 92 1181
3 93 288
3 94 422
3 95 2187
3 96 534
3 97 479
3 98 344
3 99 1190
3 100 373
4 1 462
4 2 853
4 3 2949
4 5 3753
4 6 2758
4 7 1945
4 8 1313
4 9 2099
4 10 1620
4 11 885
4 12 2266
4 13 1000
4 14 1394
4 15 526
4 16 2224
4 18 546
4 19 445
4 20 1922
4 21 1960
4 22 116
4 23 1142
4 24 808
4 25 842
4 26 1022
4 27 658
4 28 279
4 29 417
4 30 449
4 31 679
4 32 2045
4 33 1603
4 34 856
4 35 463
4 36 512
4 38 809
4 39 981
4 40 1188
4 41 1204
4 42 1032
4 43 359
4 44 223
4 45 732
4 46 808
4 47 259
4 48 254
4 49 291
4 50 179
4 51 286
4 52 882
4 53 684
4 54 294
4 55 284
4 56 225
4 57 509
4 58 842
4 59 591
4 61 1002
4 62 1984
4 63 1042
4 64 124
4 65 756
4 66 168
4 67 579
4 68 551
4 69 875
4 70 738
4 71 333
4 72 824
4 73 218
4 74 402
4 75 332
4 77 283
4 78 387
4 79 1164
4 80 517
4 81 192
4 82 143
4 83 156
4 84 1087
4 85 675
4 86 494
4 87 769
4 88 254
4 89 699
4 90 418
4 91 464
4 92 592
4 93 255
4 94 633
4 95 157
4 96 834
4 97 543
4 98 348
4 99 844
4 100 274
5 1 1224
5 2 3585
5 3 4814
5 4 3753
5 6 2542
5 7 4214
5 8 3574
5 9 2555
5 10 2682
5 11 1012
5 12 2085
5 13 1999
5 14 2396
5 15 1524
5 16 2796
5 17 1162
5 18 2049
5 19 2411
5 20 1998
5 21 2438
5 22 802
5 23 1805
5 24 901
5 25 540
5 26 962
5 27 3005
5 28 1035
5 29 547
5 30 1259
5 31 2489
5 32 2853
5 33 3376
5 34 702
5 35 1069
5 36 1515
5 37 386
5 38 925
5 39 1183
5 40 2021
5 41 876
5 42 535
5 43 343
5 44 614
5 45 1149
5 46 1657
5 47 1289
5 48 360
5 49 1011
5 50 499
5 51 934
5 52 2291
5 53 1027
5 54 662
5 55 913
5 56 447
5 57 438
5 58 1391
5 59 1319
5 60 1027
5 61 511
5 62 1172
5 63 1262
5 64 796
5 65 226
5 66 1739
5 67 1181
5 68 1903
5 69 1165
5 70 493
5 71 185
5 72 1663
5 73 636
5 74 681
5 76 673
5 77 418
5 78 1368
5 79 1781
5 80 1021
5 81 1057
5 82 138
5 83 883
5 84 1579
5 85 1152
5 86 318
5 87 255
5 88 1698
5 89 879
5 90 1600
5 91 712
5 92 780
5 93 498
5 94 1159
5 95 947
5 97 287
5 98 318
5 99 880
5 100 911
6 1 255
6 2 1650
6 3 3493
6 4 2758
6 5 2542
6 7 2034
6 8 713
6 9 1420
6 10 1412
6 11 387
6 12 541
6 13 430
6 14 971
6 15 869
6 16 305
6 17 695
6 18 457
6 19 207
6 20 1301
6 21 804
6 22 192
6 23 307
6 24 308
6 26 203
6 27 686
6 28 1082
6 29 1365
6 30 594
6 31 1245
6 32 1276
6 33 854
6 34 404
6 35 177
6 36 644
6 37 417
6 38 768
6 39 141
6 40 721
6 41 1565
6 42 1160
6 43 321
6 44 254
6 45 353
6 46 677
6 48 467
6 51 217
6 52 968
6 53 685
6 54 215
6 55 250
6 56 467
6 57 257
6 58 380
6 59 642
6 60 858
6 61 587
6 62 680
6 63 904
6 64 322
6 66 775
6 67 604
6 68 1130
6 69 182
6 70 395
6 71 198
6 72 1072
6 73 281
6 75 319
6 76 502
6 77 235
6 78 389
6 79 141
6 80 228
6 81 191
6 83 106
6 84 460
6 85 1075
6 86 329
6 87 486
6 88 203
6 90 655
6 91 124
6 92 856
6 94 354
6 96 124
6 97 400
6 98 268
6 99 225
6 100 552
7 2 2111
7 3 4032
7 4 1945
7 5 4214
7 6 2034
7 8 1622
7 9 1194
7 10 1659
7 11 432
7 12 1984
7 13 1631
7 14 2078
7 15 689
7 16 1149
7 17 179
7 18 1321
7 20 995
7 21 1454
7 23 1428
7 24 553
7 25 295
7 26 141
7 27 1583
7 28 281
7 29 239
7 30 225
7 31 1760
7 32 554
7 33 1113
7 34 526
7 35 821
7 36 952
7 37 511
7 38 868
7 39 1268
7 40 1225
7 41 768
7 42 596
7 43 121
7 44 998
7 46 574
7 47 315
7 49 111
7 51 527
7 52 456
7 53 203
7 54 757
7 55 640
7 56 648
7 57 193
7 59 245
7 61 191
7 62 266
7 63 619
7 64 893
7 66 314
7 67 290
7 68 472
7 69 535
7 70 149
7 71 704
7 72 594
7 73 136
7 74 339
7 76 617
7 78 353
7 79 308
7 80 774
7 81 287
7 82 384
7 83 374
7 84 548
7 85 361
7 86 776
7 87 432
7 88 255
7 91 157
7 93 302
7 94 201
7 96 352
7 97 187
7 98 224
7 99 385
7 100 470
8 1 188
8 2 979
8 3 3264
8 4 1313
8 5 3574
8 6 713
8 7 1622
8 9 1144
8 10 1355
8 11 672
8 12 550
8 13 241
8 14 450
8 15 450
8 16 884
8 17 466
8 18 924
8 20 308
8 21 2352
8 23 497
8 24 604
8 25 110
8 26 357
8 27 1448
8 29 425
8 30 136
8 31 508
8 32 1432
8 33 1571
8 35 952
8 36 1194
8 37 699
8 38 436
8 39 724
8 40 520
8 41 535
8 42 841
8 43 187
8 45 617
8 46 510
8 47 251
8 48 195
8 49 152
8 50 454
8 51 284
8 52 917
8 53 180
8 54 334
8 56 184
8 57 1037
8 59 121
8 60 142
8 62 240
8 63 581
8 64 296
8 65 277
8 66 345
8 67 842
8 68 1039
8 69 722
8 70 872
8 71 118
8 72 410
8 73 237
8 74 269
8 75 364
8 77 395
8 78 204
8 79 173
8 80 130
8 83 406
8 84 858
8 85 190
8 86 273
8 87 156
8 89 657
8 90 252
8 91 1058
8 92 176
8 93 463
8 94 245
8 95 113
8 96 665
8 99 286
9 2 906
9 3 2114
9 4 2099
9 5 2555
9 6 1420
9 7 1194
9 8 1144
9 10 784
9 11 151
9 12 883
9 13 200
9 14 1853
9 15 206
9 16 924
9 17 1095
9 18 1109
9 19 498
9 20 899
9 21 994
9 22 304
9 23 387
9 24 242
9 25 538
9 26 298
9 27 682
9 28 1097
9 29 1294
9 30 493
9 31 241
9 32 1197
9 33 2244
9 34 177
9 35 207
9 36 342
9 37 243
9 38 262
9 39 129
9 40 1308
9 42 978
9 43 162
9 44 287
9 45 854
9 46 595
9 48 103
9 49 229
9 50 221
9 52 1538
9 53 887
9 54 290
9 56 255
9 57 372
9 58 220
9 59 573
9 60 734
9 61 231
9 62 776
9 63 730
9 64 294
9 66 386
9 67 164
9 68 326
9 69 579
9 70 222
9 72 649
9 73 502
9 74 991
9 75 164
9 77 146
9 79 136
9 81 169
9 82 165
9 83 540
9 84 106
9 85 262
9 86 154
9 87 467
9 88 366
9 90 258
9 91 596
9 92 339
9 94 887
9 95 472
9 96 546
9 98 124
9 99 440
9 100 299
10 1 361
10 2 1017
10 3 2061
10 4 1620
10 5 2682
10 6 1412
10 7 1659
10 8 1355
10 9 784
10 11 239
10 13 118
10 14 937
10 15 1192
10 16 931
10 17 323
10 20 424
10 21 1355
10 22 668
10 23 417
10 24 1033
10 25 112
10 26 187
10 27 761
10 28 787
10 29 572
10 30 298
10 31 515
10 32 259
10 33 1509
10 35 206
10 36 1032
10 37 372
10 39 724
10 40 458
10 41 178
10 42 130
10 44 130
10 47 535
10 49 958
10 50 193
10 51 603
10 52 497
10 53 214
10 55 396
10 57 592
10 58 777
10 59 138
10 60 239
10 63 669
10 64 127
10 66 243
10 67 261
10 69 128
10 70 762
10 71 370
10 72 200
10 75 271
10 76 244
10 77 380
10 78 163
10 79 113
10 81 148
10 82 105
10 83 181
10 84 263
10 85 398
10 86 184
10 88 116
10 89 524
10 91 229
10 96 185
10 97 375
10 98 112
10 100 481
11 1 565
11 2 572
11 3 1262
11 4 885
11 5 1012
11 6 387
11 7 432
11 8 672
11 9 151
11 10 239
11 13 770
11 15 116
11 16 156
11 18 111
11 20 309
11 21 231
11 27 323
11 29 193
11 31 203
11 32 220
11 33 316
11 35 405
11 36 293
11 37 142
11 38 225
11 40 319
11 42 554
11 43 174
11 47 146
11 49 351
11 50 268
11 51 298
11 52 146
11 54 208
11 57 224
11 60 109
11 62 139
11 66 236
11 68 424
11 69 486
11 72 133
11 73 204
11 75 109
11 79 403
11 80 210
11 82 611
11 84 299
11 86 135
11 91 269
11 94 142
11 98 147
11 99 208
12 1 378
12 2 649
12 3 2059
12 4 2266
12 5 2085
12 6 541
12 7 1984
12 8 550
12 9 883
12 13 650
12 14 719
12 15 141
12 16 144
12 17 243
12 18 128
12 20 352
12 21 412
12 22 254
12 23 210
12 24 420
12 26 545
12 27 1092
12 29 658
12 32 494
12 33 591
12 34 123
12 35 412
12 36 191
12 37 221
12 39 313
12 40 321
12 42 468
12 44 373
12 46 925
12 48 121
12 49 173
12 50 213
12 51 180
12 55 107
12 56 101
12 57 437
12 59 241
12 60 270
12 61 266
12 64 162
12 66 440
12 68 238
12 69 127
12 70 196
12 71 522
12 72 769
12 74 154
12 75 152
12 76 361
12 80 130
12 81 169
12 82 200
12 84 108
12 86 144
12 87 106
12 88 303
12 90 189
12 91 256
12 94 450
12 100 312
13 1 121
13 2 888
13 3 1406
13 4 1000
13 5 1999
13 6 430
13 7 1631
13 8 241
13 9 200
13 10 118
13 11 770
13 12 650
13 14 421
13 15 886
13 16 188
13 17 572
13 18 500
13 20 305
13 21 826
13 22 313
13 23 150
13 24 219
13 25 146
13 26 251
13 27 908
13 28 347
13 29 608
13 30 129
13 31 337
13 32 483
13 33 775
13 37 279
13 39 513
13 40 412
13 42 1097
13 45 335
13 46 149
13 49 104
13 50 345
13 53 334
13 55 391
13 57 167
13 62 672
13 63 337
13 64 414
13 65 551
13 68 188
13 72 371
13 77 167
13 79 107
13 80 417
13 82 454
13 83 137
13 84 168
13 86 531
13 89 426
13 90 135
13 91 156
13 92 246
13 93 380
13 94 660
13 95 114
13 99 293
13 100 360
14 1 246
14 2 2242
14 3 3067
14 4 1394
14 5 2396
14 6 971
14 7 2078
14 8 450
14 9 1853
14 10 937
14 12 719
14 13 421
14 15 253
14 16 830
14 17 316
14 18 399
14 19 1004
14 20 1087
14 21 661
14 23 443
14 24 844
14 25 531
14 26 200
14 27 339
14 29 630
14 30 263
14 31 437
14 32 1314
14 33 1398
14 34 506
14 35 211
14 36 282
14 38 760
14 39 290
14 40 251
14 41 257
14 42 710
14 43 695
14 44 453
14 46 261
14 47 201
14 49 289
14 50 796
14 51 136
14 52 148
14 53 357
14 54 164
14 55 106
14 57 197
14 59 105
14 60 214
14 61 255
14 63 153
14 64 720
14 65 236
14 66 150
14 68 545
14 69 145
14 70 396
14 71 513
14 72 383
14 73 350
14 74 1258
14 75 685
14 77 146
14 78 298
14 79 344
14 80 536
14 81 414
14 82 200
14 83 431
14 84 275
14 85 120
14 86 181
14 87 140
14 88 584
14 90 116
14 93 356
14 95 157
14 96 276
14 97 513
14 98 191
14 99 417
14 100 618
15 1 396
15 2 138
15 3 1376
15 4 526
15 5 1524
15 6 869
15 7 689
15 8 450
15 9 206
15 10 1192
15 11 116
15 12 141
15 13 886
15 14 253
15 16 1305
15 18 191
15 19 155
15 21 178
15 22 162
15 23 355
15 27 673
15 28 276
15 30 441
15 31 392
15 32 1466
15 33 158
15 34 490
15 35 334
15 36 321
15 37 488
15 38 475
15 40 251
15 42 164
15 47 256
15 51 104
15 52 140
15 54 206
15 56 204
15 57 230
15 59 289
15 60 251
15 63 436
15 64 249
15 66 459
15 71 552
15 72 195
15 76 118
15 77 130
15 79 243
15 83 424
15 84 290
15 85 195
15 90 317
15 92 250
15 100 155
16 1 152
16 2 1606
16 3 3285
16 4 2224
16 5 2796
16 6 305
16 7 1149
16 8 884
16 9 924
16 10 931
16 11 156
16 12 144
16 13 188
16 14 830
16 15 1305
16 17 465
16 18 727
16 19 658
16 20 462
16 21 706
16 22 333
16 23 133
16 24 484
16 26 270
16 27 1300
16 28 474
16 29 252
16 30 183
16 31 223
16 32 636
16 33 984
16 34 148
16 35 342
16 36 303
16 38 154
16 39 795
16 41 378
16 42 879
16 43 317
16 44 188
16 48 374
16 49 199
16 52 869
16 53 226
16 54 238
16 57 484
16 59 134
16 60 424
16 62 448
16 63 722
16 64 321
16 65 1156
16 66 167
16 68 481
16 72 274
16 73 149
16 75 565
16 79 647
16 82 247
16 84 151
16 85 286
16 87 538
16 89 133
16 90 131
16 92 778
16 93 435
16 94 272
16 96 622
16 97 844
16 98 190
17 1 375
17 2 254
17 3 919
17 5 1162
17 6 695
17 7 179
17 8 466
17 9 1095
17 10 323
17 12 243
17 13 572
17 14 316
17 16 465
17 18 540
17 19 352
17 20 538
17 21 238
17 22 101
17 23 174
17 24 402
17 25 491
17 26 110
17 27 689
17 28 233
17 29 280
17 32 329
17 33 876
17 35 108
17 36 115
17 38 118
17 40 245
17 41 135
17 43 376
17 44 528
17 45 265
17 46 117
17 47 298
17 48 196
17 49 228
17 50 217
17 51 570
17 56 370
17 57 616
17 58 155
17 59 336
17 61 176
17 62 132
17 63 869
17 64 356
17 65 193
17 66 101
17 67 367
17 68 598
17 70 253
17 74 198
17 75 263
17 76 256
17 78 223
17 80 287
17 82 157
17 85 184
17 88 160
17 90 175
17 98 436
18 1 129
18 3 1405
18 4 546
18 5 2049
18 6 457
18 7 1321
18 8 924
18 9 1109
18 11 111
18 12 128
18 13 500
18 14 399
18 15 191
18 16 727
18 17 540
18 19 153
18 20 206
18 21 487
18 22 273
18 23 1487
18 24 201
18 25 103
18 26 143
18 27 337
18 29 354
18 30 315
18 31 314
18 32 424
18 33 142
18 34 129
18 35 142
18 36 198
18 37 409
18 38 102
18 40 629
18 41 292
18 42 1690
18 43 169
18 44 106
18 45 179
18 46 643
18 48 268
18 52 737
18 54 171
18 55 325
18 56 177
18 57 184
18 59 259
18 60 155
18 64 392
18 65 175
18 66 419
18 68 268
18 71 175
18 72 383
18 73 244
18 75 245
18 77 339
18 80 158
18 82 279
18 83 532
18 85 121
18 87 188
18 88 102
18 90 151
18 91 239
18 93 210
18 94 237
18 95 617
18 97 378
18 98 266
18 99 176
18 100 510
19 2 809
19 3 1453
19 4 445
19 5 2411
19 6 207
19 9 498
19 14 1004
19 15 155
19 16 658
19 17 352
19 18 153
19 20 421
19 22 422
19 24 445
19 27 366
19 29 326
19 30 453
19 31 143
19 35 233
19 38 185
19 40 243
19 41 339
19 42 297
19 43 233
19 49 110
19 51 314
19 56 262
19 57 235
19 58 124
19 60 105
19 61 408
19 66 188
19 67 188
19 69 547
19 76 393
19 78 123
19 81 356
19 83 152
19 88 161
19 92 286
19 97 217
19 99 187
20 1 566
20 2 1066
20 3 1576
20 4 1922
20 5 1998
20 6 1301
20 7 995
20 8 308
20 9 899
20 10 424
20 11 309
20 12 352
20 13 305
20 14 1087
20 16 462
20 17 538
20 18 206
20 19 421
20 21 212
20 23 147
20 24 219
20 25 188
20 27 867
20 28 357
20 30 292
20 31 338
20 32 256
20 33 455
20 34 109
20 35 126
20 36 791
20 39 144
20 40 355
20 41 226
20 42 470
20 44 263
20 46 472
20 47 348
20 48 355
20 49 115
20 52 145
20 54 247
20 57 1522
20 58 258
20 59 798
20 61 268
20 62 575
20 63 746
20 64 233
20 66 118
20 67 697
20 68 719
20 69 211
20 70 115
20 71 643
20 72 549
20 73 123
20 77 517
20 80 218
20 81 318
20 82 408
20 83 298
20 84 277
20 86 479
20 88 353
20 89 242
20 92 145
20 94 257
20 96 217
20 97 854
20 98 438
20 99 128
21 1 159
21 2 208
21 3 2907
21 4 1960
21 5 2438
21 6 804
21 7 1454
21 8 2352
21 9 994
21 10 1355
21 11 231
21 12 412
21 13 826
21 14 661
21 15 178
21 16 706
21 17 238
21 18 487
21 20 212
21 24 309
21 25 258
21 26 265
21 27 134
21 28 222
21 29 547
21 30 167
21 31 485
21 32 636
21 33 803
21 35 500
21 36 1159
21 38 207
21 39 407
21 40 284
21 41 569
21 42 1037
21 44 287
21 46 125
21 48 185
21 49 768
21 50 284
21 52 294
21 53 382
21 54 362
21 55 189
21 57 352
21 58 145
21 59 297
21 62 995
21 63 851
21 64 686
21 65 152
21 66 205
21 68 194
21 69 278
21 70 115
21 72 644
21 73 217
21 74 117
21 75 335
21 77 171
21 78 126
21 79 222
21 80 190
21 83 195
21 84 525
21 86 182
21 87 619
21 88 644
21 89 586
21 91 169
21 92 210
21 93 427
21 95 355
21 96 819
21 98 442
21 99 337
22 1 118
22 2 346
22 3 710
22 4 116
22 5 802
22 6 192
22 9 304
22 10 668
22 12 254
22 13 313
22 15 162
22 16 333
22 17 101
22 18 273
22 19 422
22 27 148
22 30 232
22 31 226
22 32 145
22 33 172
22 36 267
22 38 130
22 39 254
22 41 371
22 42 126
22 43 638
22 49 151
22 56 152
22 57 284
22 64 151
22 65 423
22 69 134
22 70 216
22 84 467
22 86 286
22 87 170
22 90 334
22 93 168
22 100 120
23 2 630
23 3 1419
23 4 1142
23 5 1805
23 6 307
23 7 1428
23 8 497
23 9 387
23 10 417
23 12 210
23 13 150
23 14 443
23 15 355
23 16 133
23 17 174
23 18 1487
23 20 147
23 24 229
23 26 232
23 27 771
23 28 121
23 29 275
23 30 247
23 32 224
23 34 109
23 35 386
23 36 218
23 38 299
23 40 362
23 42 116
23 46 239
23 48 139
23 49 157
23 50 140
23 52 851
23 53 200
23 55 104
23 57 626
23 58 126
23 61 281
23 65 219
23 66 561
23 73 258
23 74 987
23 76 310
23 77 324
23 80 408
23 81 197
23 84 245
23 86 234
23 88 139
23 92 139
23 93 448
23 95 209
23 96 182
23 100 431
24 1 470
24 2 499
24 3 1896
24 4 808
24 5 901
24 6 308
24 7 553
24 8 604
24 9 242
24 10 1033
24 12 420
24 13 219
24 14 844
24 16 484
24 17 402
24 18 201
24 19 445
24 20 219
24 21 309
24 23 229
24 27 167
24 28 412
24 29 318
24 31 731
24 33 318
24 34 309
24 35 101
24 36 112
24 39 300
24 43 191
24 44 383
24 45 356
24 46 106
24 50 214
24 52 258
24 54 262
24 55 220
24 58 184
24 59 224
24 62 456
24 63 292
24 64 309
24 66 272
24 67 400
24 68 732
24 71 152
24 72 419
24 73 343
24 74 185
24 75 144
24 76 125
24 78 109
24 80 239
24 84 361
24 85 113
24 88 158
24 89 127
24 90 148
24 91 106
24 92 651
24 98 424
24 99 279
24 100 137
25 3 579
25 4 842
25 5 540
25 7 295
25 8 110
25 9 538
25 10 112
25 13 146
25 14 531
25 17 491
25 18 103
25 20 188
25 21 258
25 28 362
25 31 294
25 33 154
25 36 267
25 37 179
25 39 527
25 40 311
25 41 161
25 42 143
25 47 125
25 51 141
25 52 153
25 53 156
25 55 542
25 56 153
25 58 128
25 60 137
25 63 244
25 64 293
25 65 273
25 72 254
25 83 181
25 84 197
25 86 264
25 87 202
25 88 418
26 2 544
26 3 500
26 4 1022
26 5 962
26 6 203
26 7 141
26 8 357
26 9 298
26 10 187
26 12 545
26 13 251
26 14 200
26 16 270
26 17 110
26 18 143
26 21 265
26 23 232
26 27 164
26 29 147
26 31 112
26 33 151
26 34 102
26 36 121
26 38 172
26 40 141
26 42 233
26 46 347
26 48 303
26 57 246
26 59 201
26 62 349
26 70 152
26 81 447
26 82 349
26 87 158
26 91 230
26 98 250
26 99 324
26 100 121
27 1 563
27 2 890
27 3 1778
27 4 658
27 5 3005
27 6 686
27 7 1583
27 8 1448
27 9 682
27 10 761
27 11 323
27 12 1092
27 13 908
27 14 339
27 15 673
27 16 1300
27 17 689
27 18 337
27 19 366
27 20 867
27 21 134
27 22 148
27 23 771
27 24 167
27 26 164
27 28 584
27 29 163
27 30 424
27 31 363
27 32 620
27 33 1065
27 34 297
27 36 1083
27 37 279
27 38 527
27 39 275
27 40 271
27 41 176
27 42 552
27 45 119
27 47 262
27 48 172
27 50 570
27 51 161
27 52 924
27 54 1094
27 55 499
27 58 340
27 59 259
27 61 387
27 62 1175
27 63 993
27 66 560
27 67 265
27 69 126
27 70 103
27 72 101
27 74 430
27 75 866
27 77 116
27 78 144
27 80 201
27 81 111
27 83 667
27 87 530
27 90 765
27 93 226
27 94 447
27 96 450
27 97 222
27 98 403
27 100 230
28 2 170
28 3 965
28 4 279
28 5 1035
28 6 1082
28 7 281
28 9 1097
28 10 787
28 13 347
28 15 276
28 16 474
28 17 233
28 20 357
28 21 222
28 23 121
28 24 412
28 25 362
28 27 584
28 29 152
28 31 403
28 32 178
28 33 475
28 36 544
28 38 101
28 39 509
28 40 282
28 46 136
28 49 172
28 50 152
28 51 631
28 53 464
28 58 164
28 62 193
28 64 173
28 66 182
28 68 128
28 70 129
28 71 131
28 72 131
28 74 165
28 79 218
28 81 691
28 84 169
28 85 190
28 94 318
28 97 223
28 98 176
28 100 195
29 2 657
29 3 1157
29 4 417
29 5 547
29 6 1365
29 7 239
29 8 425
29 9 1294
29 10 572
29 11 193
29 12 658
29 13 608
29 14 630
29 16 252
29 17 280
29 18 354
29 19 326
29 21 547
29 23 275
29 24 318
29 26 147
29 27 163
29 28 152
29 30 954
29 31 912
29 32 102
29 33 133
29 36 129
29 37 147
29 40 333
29 41 602
29 42 402
29 46 175
29 52 618
29 53 279
29 56 333
29 57 289
29 58 481
29 60 128
29 64 466
29 65 553
29 68 447
29 69 348
29 71 189
29 72 203
29 75 262
29 76 158
29 77 209
29 78 467
29 80 347
29 83 199
29 84 265
29 89 111
29 90 228
29 94 190
29 98 359
29 99 287
30 1 380
30 2 435
30 3 852
30 4 449
30 5 1259
30 6 594
30 7 225
30 8 136
30 9 493
30 10 298
30 13 129
30 14 263
30 15 441
30 16 183
30 18 315
30 19 453
30 20 292
30 21 167
30 22 232
30 23 247
30 27 424
30 29 954
30 32 501
30 33 170
30 37 197
30 38 195
30 40 235
30 42 351
30 45 294
30 49 271
30 51 130
30 52 841
30 53 219
30 59 365
30 61 201
30 63 419
30 64 156
30 66 177
30 68 270
30 69 201
30 70 252
30 72 158
30 75 158
30 76 158
30 77 467
30 80 154
30 81 325
30 82 159
30 84 302
30 86 242
30 88 191
30 98 106
30 99 469
31 1 307
31 2 405
31 3 2034
31 4 679
31 5 2489
31 6 1245
31 7 1760
31 8 508
31 9 241
31 10 515
31 11 203
31 13 337
31 14 437
31 15 392
31 16 223
31 18 314
31 19 143
31 20 338
31 21 485
31 22 226
31 24 731
31 25 294
31 26 112
31 27 363
31 28 403
31 29 912
31 32 1366
31 33 421
31 34 436
31 35 376
31 36 335
31 39 283
31 40 151
31 41 227
31 46 116
31 50 119
31 52 617
31 53 187
31 54 208
31 55 104
31 57 584
31 58 187
31 59 279
31 60 141
31 62 215
31 63 753
31 65 150
31 66 175
31 67 265
31 68 124
31 69 144
31 70 246
31 71 215
31 72 227
31 74 111
31 75 113
31 77 251
31 78 155
31 79 539
31 81 611
31 82 120
31 85 232
31 88 276
31 90 354
31 92 204
31 93 161
31 95 207
31 96 191
31 98 353
31 100 451
32 1 414
32 2 421
32 3 2269
32 4 2045
32 5 2853
32 6 1276
32 7 554
32 8 1432
32 9 1197
32 10 259
32 11 220
32 12 494
32 13 483
32 14 1314
32 15 1466
32 16 636
32 17 329
32 18 424
32 20 256
32 21 636
32 22 145
32 23 224
32 27 620
32 28 178
32 29 102
32 30 501
32 31 1366
32 33 672
32 34 702
32 36 1194
32 38 463
32 39 659
32 40 830
32 41 117
32 42 964
32 43 126
32 44 220
32 46 310
32 47 173
32 49 169
32 51 140
32 52 348
32 53 681
32 54 459
32 55 195
32 57 791
32 58 219
32 62 141
32 63 128
32 67 401
32 68 219
32 69 277
32 70 321
32 71 750
32 75 296
32 76 436
32 77 305
32 78 257
32 81 401
32 82 140
32 83 208
32 85 316
32 86 126
32 89 964
32 90 317
32 91 396
32 92 1236
32 93 593
32 95 424
32 97 510
32 99 147
32 100 259
33 2 669
33 3 2586
33 4 1603
33 5 3376
33 6 854
33 7 1113
33 8 1571
33 9 2244
33 10 1509
33 11 316
33 12 591
33 13 775
33 14 1398
33 15 158
33 16 984
33 17 876
33 18 142
33 20 455
33 21 803
33 22 172
33 24 318
33 25 154
33 26 151
33 27 1065
33 28 475
33 29 133
33 30 170
33 31 421
33 32 672
33 35 1064
33 36 541
33 38 287
33 39 618
33 40 456
33 41 711
33 42 517
33 43 173
33 44 361
33 45 109
33 46 364
33 47 169
33 49 202
33 50 391
33 51 721
33 52 237
33 54 298
33 55 390
33 57 170
33 59 1250
33 60 348
33 61 505
33 62 676
33 63 915
33 64 623
33 65 382
33 66 608
33 67 262
33 68 269
33 69 525
33 70 265
33 71 352
33 72 241
33 73 214
33 74 612
33 75 340
33 76 135
33 77 267
33 82 912
33 83 118
33 84 651
33 86 400
33 89 251
33 90 257
33 91 277
33 92 262
33 93 549
33 94 156
33 96 649
33 99 143
33 100 188
34 1 224
34 2 304
34 3 625
34 4 856
34 5 702
34 6 404
34 7 526
34 9 177
34 12 123
34 14 506
34 15 490
34 16 148
34 18 129
34 20 109
34 23 109
34 24 309
34 26 102
34 27 297
34 31 436
34 32 702
34 36 325
34 37 599
34 38 118
34 42 247
34 47 112
34 51 233
34 52 229
34 59 141
34 61 109
34 68 214
34 72 406
34 75 429
34 77 141
34 81 120
34 88 209
35 2 416
35 3 1292
35 4 463
35 5 1069
35 6 177
35 7 821
35 8 952
35 9 207
35 10 206
35 11 405
35 12 412
35 14 211
35 15 334
35 16 342
35 17 108
35 18 142
35 19 233
35 20 126
35 21 500
35 23 386
35 24 101
35 31 376
35 33 1064
35 36 748
35 39 367
35 40 267
35 42 203
35 44 124
35 49 277
35 52 277
35 55 159
35 56 119
35 57 277
35 59 152
35 63 125
35 64 238
35 71 121
35 72 199
35 74 246
35 76 144
35 77 345
35 78 140
35 81 179
35 86 151
35 88 197
35 90 456
35 94 287
35 97 423
35 98 245
35 100 245
36 2 1314
36 3 2181
36 4 512
36 5 1515
36 6 644
36 7 952
36 8 1194
36 9 342
36 10 1032
36 11 293
36 12 191
36 14 282
36 15 321
36 16 303
36 17 115
36 18 198
36 20 791
36 21 1159
36 22 267
36 23 218
36 24 112
36 25 267
36 26 121
36 27 1083
36 28 544
36 29 129
36 31 335
36 32 1194
36 33 541
36 34 325
36 35 748
36 37 156
36 38 464
36 39 813
36 40 414
36 41 280
36 44 494
36 48 232
36 49 150
36 50 513
36 51 169
36 52 763
36 53 272
36 56 276
36 59 182
36 62 271
36 63 313
36 69 179
36 72 396
36 73 437
36 76 233
36 81 167
36 83 274
36 85 212
36 88 115
36 89 424
36 94 507
36 95 444
36 97 156
37 2 364
37 3 761
37 5 386
37 6 417
37 7 511
37 8 699
37 9 243
37 10 372
37 11 142
37 12 221
37 13 279
37 15 488
37 18 409
37 25 179
37 27 279
37 29 147
37 30 197
37 34 599
37 36 156
37 38 180
37 49 145
37 50 133
37 51 453
37 55 222
37 62 319
37 64 268
37 66 369
37 72 336
37 76 209
37 80 247
37 81 105
37 91 299
37 97 163
38 1 514
38 2 164
38 3 1826
38 4 809
38 5 925
38 6 768
38 7 868
38 8 436
38 9 262
38 11 225
38 14 760
38 15 475
38 16 154
38 17 118
38 18 102
38 19 185
38 21 207
38 22 130
38 23 299
38 26 172
38 27 527
38 28 101
38 30 195
38 32 463
38 33 287
38 34 118
38 36 464
38 37 180
38 39 246
38 40 376
38 41 112
38 42 229
38 44 425
38 46 186
38 48 377
38 49 359
38 51 162
38 52 429
38 57 1304
38 59 153
38 62 186
38 63 566
38 64 622
38 67 331
38 68 185
38 70 345
38 72 455
38 76 141
38 78 103
38 82 671
38 84 738
38 86 131
38 87 190
38 90 249
38 91 479
38 93 460
38 95 194
38 98 224
38 99 341
39 1 302
39 2 636
39 3 789
39 4 981
39 5 1183
39 6 141
39 7 1268
39 8 724
39 9 129
39 10 724
39 12 313
39 13 513
39 14 290
39 16 795
39 20 144
39 21 407
39 22 254
39 24 300
39 25 527
39 27 275
39 28 509
39 31 283
39 32 659
39 33 618
39 35 367
39 36 813
39 38 246
39 40 179
39 41 521
39 42 440
39 44 171
39 48 421
39 50 285
39 52 251
39 53 293
39 54 114
39 57 134
39 59 743
39 62 275
39 63 629
39 67 123
39 68 126
39 69 165
39 72 412
39 78 392
39 80 168
39 82 102
39 84 184
39 86 191
39 88 262
39 90 275
39 91 279
39 92 157
39 93 165
39 94 122
39 95 949
39 98 115
39 99 123
39 100 113
40 2 458
40 3 1785
40 4 1188
40 5 2021
40 6 721
40 7 1225
40 8 520
40 9 1308
40 10 458
40 11 319
40 12 321
40 13 412
40 14 251
40 15 251
40 17 245
40 18 629
40 19 243
40 20 355
40 21 284
40 23 362
40 25 311
40 26 141
40 27 271
40 28 282
40 29 333
40 30 235
40 31 151
40 32 830
40 33 456
40 35 267
40 36 414
40 38 376
40 39 179
40 41 154
40 42 352
40 43 204
40 44 367
40 46 312
40 47 530
40 48 108
40 49 145
40 50 305
40 51 103
40 52 519
40 56 201
40 58 295
40 60 173
40 61 267
40 62 563
40 63 776
40 64 857
40 68 649
40 69 145
40 73 211
40 74 105
40 75 283
40 76 421
40 77 775
40 78 176
40 79 158
40 80 331
40 84 305
40 85 377
40 86 235
40 87 326
40 90 197
40 93 110
40 96 188
40 99 357
40 100 150
41 2 615
41 3 1426
41 4 1204
41 5 876
41 6 1565
41 7 768
41 8 535
41 10 178
41 14 257
41 16 378
41 17 135
41 18 292
41 19 339
41 20 226
41 21 569
41 22 371
41 25 161
41 27 176
41 29 602
41 31 227
41 32 117
41 33 711
41 36 280
41 38 112
41 39 521
41 40 154
41 44 134
41 47 291
41 48 326
41 49 321
41 50 127
41 56 130
41 57 253
41 59 146
41 60 228
41 62 465
41 66 220
41 68 170
41 69 270
41 85 273
41 89 206
41 90 236
41 94 134
41 99 167
41 100 192
42 1 197
42 2 689
42 3 2632
42 4 1032
42 5 535
42 6 1160
42 7 596
42 8 841
42 9 978
42 10 130
42 11 554
42 12 468
42 13 1097
42 14 710
42 15 164
42 16 879
42 18 1690
42 19 297
42 20 470
42 21 1037
42 22 126
42 23 116
42 25 143
42 26 233
42 27 552
42 29 402
42 30 351
42 32 964
42 33 517
42 34 247
42 35 203
42 38 229
42 39 440
42 40 352
42 43 976
42 44 359
42 48 584
42 50 153
42 52 318
42 54 150
42 57 229
42 61 338
42 63 208
42 64 265
42 67 124
42 68 491
42 71 152
42 75 102
42 76 104
42 77 181
42 80 275
42 83 283
42 84 140
42 85 128
42 86 310
42 89 298
42 90 356
42 91 268
42 92 275
42 93 283
42 96 229
42 99 180
43 1 106
43 2 440
43 3 1493
43 4 359
43 5 343
43 6 321
43 7 121
43 8 187
43 9 162
43 11 174
43 14 695
43 16 317
43 17 376
43 18 169
43 19 233
43 22 638
43 24 191
43 32 126
43 33 173
43 40 204
43 42 976
43 44 196
43 46 263
43 50 438
43 56 275
43 60 117
43 61 219
43 63 153
43 69 710
43 81 119
43 84 148
43 85 151
43 90 293
44 2 392
44 3 1270
44 4 223
44 5 614
44 6 254
44 7 998
44 9 287
44 10 130
44 12 373
44 14 453
44 16 188
44 17 528
44 18 106
44 20 263
44 21 287
44 24 383
44 32 220
44 33 361
44 35 124
44 36 494
44 38 425
44 39 171
44 40 367
44 41 134
44 42 359
44 43 196
44 46 138
44 47 159
44 50 237
44 51 253
44 52 819
44 56 344
44 57 135
44 58 141
44 59 385
44 60 193
44 61 703
44 62 536
44 64 254
44 66 257
44 68 259
44 72 208
44 75 356
44 76 351
44 77 246
44 79 294
44 80 120
44 84 180
44 89 192
44 91 124
44 94 414
45 1 108
45 2 222
45 3 986
45 4 732
45 5 1149
45 6 353
45 8 617
45 9 854
45 13 335
45 17 265
45 18 179
45 24 356
45 27 119
45 30 294
45 33 109
45 47 274
45 48 339
45 49 251
45 51 416
45 52 515
45 57 207
45 63 287
45 65 138
45 66 300
45 69 147
45 72 305
45 74 178
45 83 136
45 84 273
45 88 136
45 92 392
45 98 139
46 3 1229
46 4 808
46 5 1657
46 6 677
46 7 574
46 8 510
46 9 595
46 12 925
46 13 149
46 14 261
46 17 117
46 18 643
46 20 472
46 21 125
46 23 239
46 24 106
46 26 347
46 28 136
46 29 175
46 31 116
46 32 310
46 33 364
46 38 186
46 40 312
46 43 263
46 44 138
46 47 106
46 48 226
46 51 195
46 52 270
46 58 111
46 63 460
46 66 506
46 68 452
46 69 593
46 70 196
46 71 158
46 76 139
46 78 103
46 79 234
46 80 138
46 82 124
46 90 209
46 92 557
46 93 125
46 98 415
46 100 161
47 3 1137
47 4 259
47 5 1289
47 7 315
47 8 251
47 10 535
47 11 146
47 14 201
47 15 256
47 17 298
47 20 348
47 25 125
47 27 262
47 32 173
47 33 169
47 34 112
47 40 530
47 41 291
47 44 159
47 45 274
47 46 106
47 54 294
47 57 364
47 60 373
47 63 168
47 69 306
47 71 113
47 78 237
47 79 120
47 81 106
47 87 439
47 88 135
47 90 129
47 96 337
47 99 243
48 2 543
48 3 799
48 4 254
48 5 360
48 6 467
48 8 195
48 9 103
48 12 121
48 16 374
48 17 196
48 18 268
48 20 355
48 21 185
48 23 139
48 26 303
48 27 172
48 36 232
48 38 377
48 39 421
48 40 108
48 41 326
48 42 584
48 45 339
48 46 226
48 57 237
48 58 136
48 61 106
48 63 197
48 65 122
48 69 134
48 71 448
48 77 138
48 79 293
48 80 290
48 82 354
48 87 495
48 91 130
48 95 186
48 99 165
49 1 113
49 3 510
49 4 291
49 5 1011
49 7 111
49 8 152
49 9 229
49 10 958
49 11 351
49 12 173
49 13 104
49 14 289
49 16 199
49 17 228
49 19 110
49 20 115
49 21 768
49 22 151
49 23 157
49 28 172
49 30 271
49 32 169
49 33 202
49 35 277
49 36 150
49 37 145
49 38 359
49 40 145
49 41 321
49 45 251
49 52 137
49 59 110
49 60 283
49 64 132
49 68 112
49 72 440
49 73 165
49 74 119
49 77 296
49 82 180
49 84 105
49 96 257
49 97 127
49 98 152
50 1 101
50 3 345
50 4 179
50 5 499
50 8 454
50 9 221
50 10 193
50 11 268
50 12 213
50 13 345
50 14 796
50 17 217
50 21 284
50 23 140
50 24 214
50 27 570
50 28 152
50 31 119
50 33 391
50 36 513
50 37 133
50 39 285
50 40 305
50 41 127
50 42 153
50 43 438
50 44 237
50 52 369
50 59 247
50 62 459
50 64 229
50 71 124
50 78 156
50 81 163
50 83 170
50 85 180
50 88 221
50 94 191
50 96 144
50 100 194
51 2 105
51 3 826
51 4 286
51 5 934
51 6 217
51 7 527
51 8 284
51 10 603
51 11 298
51 12 180
51 14 136
51 15 104
51 17 570
51 19 314
51 25 141
51 27 161
51 28 631
51 30 130
51 32 140
51 33 721
51 34 233
51 36 169
51 37 453
51 38 162
51 40 103
51 44 253
51 45 416
51 46 195
51 62 165
51 63 233
51 65 147
51 66 175
51 74 258
51 76 311
51 93 210
51 98 131
51 99 141
52 2 345
52 3 1052
52 4 882
52 5 2291
52 6 968
52 7 456
52 8 917
52 9 1538
52 10 497
52 11 146
52 14 148
52 15 140
52 16 869
52 18 737
52 20 145
52 21 294
52 23 851
52 24 258
52 25 153
52 27 924
52 29 618
52 30 841
52 31 617
52 32 348
52 33 237
52 34 229
52 35 277
52 36 763
52 38 429
52 39 251
52 40 519
52 42 318
52 44 819
52 45 515
52 46 270
52 49 137
52 50 369
52 54 155
52 57 116
52 58 247
52 59 225
52 60 307
52 62 163
52 63 1357
52 64 495
52 65 421
52 66 234
52 72 240
52 76 107
52 79 366
52 81 151
52 82 257
52 85 244
52 87 175
52 88 591
52 89 294
52 90 302
52 94 346
52 96 167
52 97 273
52 99 254
52 100 163
53 3 1004
53 4 684
53 5 1027
53 6 685
53 7 203
53 8 180
53 9 887
53 10 214
53 13 334
53 14 357
53 16 226
53 21 382
53 23 200
53 25 156
53 28 464
53 29 279
53 30 219
53 31 187
53 32 681
53 36 272
53 39 293
53 62 132
53 63 275
53 68 298
53 70 122
53 72 216
53 89 127
53 94 212
54 1 128
54 3 1296
54 4 294
54 5 662
54 6 215
54 7 757
54 8 334
54 9 290
54 11 208
54 14 164
54 15 206
54 16 238
54 18 171
54 20 247
54 21 362
54 24 262
54 27 1094
54 31 208
54 32 459
54 33 298
54 39 114
54 42 150
54 47 294
54 52 155
54 56 170
54 64 190
54 69 133
54 72 266
54 73 230
54 76 223
54 77 248
54 79 173
54 88 163
54 96 216
55 1 311
55 3 883
55 4 284
55 5 913
55 6 250
55 7 640
55 10 396
55 12 107
55 13 391
55 14 106
55 18 325
55 21 189
55 23 104
55 24 220
55 25 542
55 27 499
55 31 104
55 32 195
55 33 390
55 35 159
55 37 222
55 63 412
55 66 114
55 67 148
55 68 736
55 72 364
55 73 373
55 78 565
55 82 305
55 84 296
55 86 247
55 88 209
56 2 396
56 3 1326
56 4 225
56 5 447
56 6 467
56 7 648
56 8 184
56 9 255
56 12 101
56 15 204
56 17 370
56 18 177
56 19 262
56 22 152
56 25 153
56 29 333
56 35 119
56 36 276
56 40 201
56 41 130
56 43 275
56 44 344
56 54 170
56 57 361
56 62 331
56 63 343
56 64 344
56 70 281
56 72 289
56 73 171
56 74 195
56 89 242
56 92 240
56 97 327
56 98 115
56 100 310
57 2 557
57 3 1848
57 4 509
57 5 438
57 6 257
57 7 193
57 8 1037
57 9 372
57 10 592
57 11 224
57 12 437
57 13 167
57 14 197
57 15 230
57 16 484
57 17 616
57 18 184
57 19 235
57 20 1522
57 21 352
57 22 284
57 23 626
57 26 246
57 29 289
57 31 584
57 32 791
57 33 170
57 35 277
57 38 1304
57 39 134
57 41 253
57 42 229
57 44 135
57 45 207
57 47 364
57 48 237
57 52 116
57 56 361
57 59 185
57 62 749
57 63 125
57 68 227
57 70 231
57 72 146
57 73 416
57 77 190
57 78 316
57 79 251
57 80 623
57 81 313
57 83 217
57 85 178
57 89 388
57 91 314
57 94 142
57 98 214
57 100 123
58 2 596
58 3 118
58 4 842
58 5 1391
58 6 380
58 9 220
58 10 777
58 17 155
58 19 124
58 20 258
58 21 145
58 23 126
58 24 184
58 25 128
58 27 340
58 28 164
58 29 481
58 31 187
58 32 219
58 40 295
58 44 141
58 46 111
58 48 136
58 52 247
58 61 421
58 68 541
58 73 409
58 75 124
58 76 355
58 87 246
58 91 165
58 94 106
58 95 321
58 99 226
58 100 148
59 2 551
59 3 1257
59 4 591
59 5 1319
59 6 642
59 7 245
59 8 121
59 9 573
59 10 138
59 12 241
59 14 105
59 15 289
59 16 134
59 17 336
59 18 259
59 20 798
59 21 297
59 24 224
59 26 201
59 27 259
59 30 365
59 31 279
59 33 1250
59 34 141
59 35 152
59 36 182
59 38 153
59 39 743
59 41 146
59 44 385
59 49 110
59 50 247
59 52 225
59 57 185
59 60 331
59 62 491
59 63 209
59 64 129
59 65 139
59 68 209
59 69 376
59 71 191
59 73 173
59 74 108
59 75 324
59 76 150
59 78 246
59 80 186
59 82 103
59 86 156
59 89 104
59 93 221
59 98 135
59 99 258
60 3 617
60 5 1027
60 6 858
60 8 142
60 9 734
60 10 239
60 11 109
60 12 270
60 14 214
60 15 251
60 16 424
60 18 155
60 19 105
60 25 137
60 29 128
60 31 141
60 33 348
60 40 173
60 41 228
60 43 117
60 44 193
60 47 373
60 49 283
60 52 307
60 59 331
60 62 530
60 64 121
60 66 135
60 68 203
60 71 129
60 72 102
60 78 491
60 83 204
60 91 163
60 92 147
60 93 144
60 99 490
61 1 128
61 3 1647
61 4 1002
61 5 511
61 6 587
61 7 191
61 9 231
61 12 266
61 14 255
61 17 176
61 19 408
61 20 268
61 23 281
61 27 387
61 30 201
61 33 505
61 34 109
61 40 267
61 42 338
61 43 219
61 44 703
61 48 106
61 58 421
61 62 278
61 63 157
61 68 183
61 71 219
61 72 258
61 73 119
61 87 268
61 91 268
62 2 153
62 3 2290
62 4 1984
62 5 1172
62 6 680
62 7 266
62 8 240
62 9 776
62 11 139
62 13 672
62 16 448
62 17 132
62 20 575
62 21 995
62 24 456
62 26 349
62 27 1175
62 28 193
62 31 215
62 32 141
62 33 676
62 36 271
62 37 319
62 38 186
62 39 275
62 40 563
62 41 465
62 44 536
62 50 459
62 51 165
62 52 163
62 53 132
62 56 331
62 57 749
62 59 491
62 60 530
62 61 278
62 64 211
62 65 293
62 66 158
62 67 333
62 69 162
62 70 257
62 71 159
62 74 111
62 79 109
62 81 133
62 82 488
62 84 193
62 86 295
62 94 142
62 95 136
62 97 114
63 2 752
63 3 1589
63 4 1042
63 5 1262
63 6 904
63 7 619
63 8 581
63 9 730
63 10 669
63 13 337
63 14 153
63 15 436
63 16 722
63 17 869
63 20 746
63 21 851
63 24 292
63 25 244
63 27 993
63 30 419
63 31 753
63 32 128
63 33 915
63 35 125
63 36 313
63 38 566
63 39 629
63 40 776
63 42 208
63 43 153
63 45 287
63 46 460
63 47 168
63 48 197
63 51 233
63 52 1357
63 53 275
63 55 412
63 56 343
63 57 125
63 59 209
63 61 157
63 64 269
63 65 460
63 66 499
63 68 190
63 69 218
63 71 122
63 72 161
63 73 212
63 74 537
63 75 275
63 76 318
63 77 267
63 80 270
63 82 199
63 84 106
63 85 183
63 86 124
63 87 219
63 88 111
63 95 230
63 96 190
63 98 179
63 99 562
64 1 129
64 2 436
64 3 917
64 4 124
64 5 796
64 6 322
64 7 893
64 8 296
64 9 294
64 10 127
64 12 162
64 13 414
64 14 720
64 15 249
64 16 321
64 17 356
64 18 392
64 20 233
64 21 686
64 22 151
64 24 309
64 25 293
64 28 173
64 29 466
64 30 156
64 33 623
64 35 238
64 37 268
64 38 622
64 40 857
64 42 265
64 44 254
64 49 132
64 50 229
64 52 495
64 54 190
64 56 344
64 59 129
64 60 121
64 62 211
64 63 269
64 66 123
64 69 270
64 70 118
64 72 241
64 73 221
64 74 319
64 76 110
64 78 141
64 82 164
64 87 215
64 91 161
64 97 250
65 3 915
65 4 756
65 5 226
65 8 277
65 13 551
65 14 236
65 16 1156
65 17 193
65 18 175
65 21 152
65 22 423
65 23 219
65 25 273
65 29 553
65 31 150
65 33 382
65 45 138
65 48 122
65 51 147
65 52 421
65 59 139
65 62 293
65 63 460
65 72 115
65 73 233
65 75 144
65 79 155
65 80 343
65 81 405
65 82 438
65 87 312
65 91 184
65 92 121
66 2 692
66 3 614
66 4 168
66 5 1739
66 6 775
66 7 314
66 8 345
66 9 386
66 10 243
66 11 236
66 12 440
66 14 150
66 15 459
66 16 167
66 17 101
66 18 419
66 19 188
66 20 118
66 21 205
66 23 561
66 24 272
66 27 560
66 28 182
66 30 177
66 31 175
66 33 608
66 37 369
66 41 220
66 44 257
66 45 300
66 46 506
66 51 175
66 52 234
66 55 114
66 60 135
66 62 158
66 63 499
66 64 123
66 67 148
66 68 205
66 70 246
66 72 149
66 74 131
66 75 121
66 76 250
66 84 154
66 85 204
66 87 458
66 94 209
66 96 226
66 97 140
66 99 503
67 1 130
67 2 339
67 3 913
67 4 579
67 5 1181
67 6 604
67 7 290
67 8 842
67 9 164
67 10 261
67 17 367
67 19 188
67 20 697
67 24 400
67 27 265
67 31 265
67 32 401
67 33 262
67 38 331
67 39 123
67 42 124
67 55 148
67 62 333
67 66 148
67 68 117
67 70 169
67 78 195
67 87 250
67 93 222
67 95 132
67 96 126
67 98 311
68 1 806
68 2 196
68 3 297
68 4 551
68 5 1903
68 6 1130
68 7 472
68 8 1039
68 9 326
68 11 424
68 12 238
68 13 188
68 14 545
68 16 481
68 17 598
68 18 268
68 20 719
68 21 194
68 24 732
68 28 128
68 29 447
68 30 270
68 31 124
68 32 219
68 33 269
68 34 214
68 38 185
68 39 126
68 40 649
68 41 170
68 42 491
68 44 259
68 46 452
68 49 112
68 53 298
68 55 736
68 57 227
68 58 541
68 59 209
68 60 203
68 61 183
68 63 190
68 66 205
68 67 117
68 69 215
68 70 343
68 73 500
68 75 245
68 77 255
68 78 211
68 80 240
68 85 334
68 86 588
68 93 261
68 94 330
68 95 150
68 96 255
68 97 227
68 99 338
69 2 395
69 3 1547
69 4 875
69 5 1165
69 6 182
69 7 535
69 8 722
69 9 579
69 10 128
69 11 486
69 12 127
69 14 145
69 19 547
69 20 211
69 21 278
69 22 134
69 27 126
69 29 348
69 30 201
69 31 144
69 32 277
69 33 525
69 36 179
69 39 165
69 40 145
69 41 270
69 43 710
69 45 147
69 46 593
69 47 306
69 48 134
69 54 133
69 59 376
69 62 162
69 63 218
69 64 270
69 68 215
69 72 105
69 74 255
69 77 129
69 79 150
69 82 190
69 83 208
69 85 365
69 86 141
69 87 135
69 91 501
69 93 133
69 94 124
69 97 150
69 99 361
70 3 538
70 4 738
70 5 493
70 6 395
70 7 149
70 8 872
70 9 222
70 10 762
70 12 196
70 14 396
70 17 253
70 20 115
70 21 115
70 22 216
70 26 152
70 27 103
70 28 129
70 30 252
70 31 246
70 32 321
70 33 265
70 38 345
70 46 196
70 53 122
70 56 281
70 57 231
70 62 257
70 64 118
70 66 246
70 67 169
70 68 343
70 72 161
70 77 199
70 81 208
70 91 292
70 95 206
70 96 133
70 97 155
70 99 218
71 1 371
71 3 1305
71 4 333
71 5 185
71 6 198
71 7 704
71 8 118
71 10 370
71 12 522
71 14 513
71 15 552
71 18 175
71 20 643
71 24 152
71 28 131
71 29 189
71 31 215
71 32 750
71 33 352
71 35 121
71 42 152
71 46 158
71 47 113
71 48 448
71 50 124
71 59 191
71 60 129
71 61 219
71 62 159
71 63 122
71 81 203
71 84 225
71 85 153
71 87 253
71 88 222
71 94 131
71 100 154
72 2 1509
72 3 1591
72 4 824
72 5 1663
72 6 1072
72 7 594
72 8 410
72 9 649
72 10 200
72 11 133
72 12 769
72 13 371
72 14 383
72 15 195
72 16 274
72 18 383
72 20 549
72 21 644
72 24 419
72 25 254
72 27 101
72 28 131
72 29 203
72 30 158
72 31 227
72 33 241
72 34 406
72 35 199
72 36 396
72 37 336
72 38 455
72 39 412
72 44 208
72 45 305
72 49 440
72 52 240
72 53 216
72 54 266
72 55 364
72 56 289
72 57 146
72 60 102
72 61 258
72 63 161
72 64 241
72 65 115
72 66 149
72 69 105
72 70 161
72 73 106
72 74 248
72 75 301
72 79 515
72 81 103
72 85 139
72 86 206
72 88 240
72 94 117
72 95 272
72 96 205
72 99 414
72 100 127
73 1 407
73 2 297
73 3 538
73 4 218
73 5 636
73 6 281
73 7 136
73 8 237
73 9 502
73 11 204
73 14 350
73 16 149
73 18 244
73 20 123
73 21 217
73 23 258
73 24 343
73 33 214
73 36 437
73 40 211
73 49 165
73 54 230
73 55 373
73 56 171
73 57 416
73 58 409
73 59 173
73 61 119
73 63 212
73 64 221
73 65 233
73 68 500
73 72 106
73 77 138
73 78 320
73 89 233
73 92 178
73 96 118
73 97 112
73 98 192
73 99 107
74 3 530
74 4 402
74 5 681
74 7 339
74 8 269
74 9 991
74 12 154
74 14 1258
74 17 198
74 21 117
74 23 987
74 24 185
74 27 430
74 28 165
74 31 111
74 33 612
74 35 246
74 40 105
74 45 178
74 49 119
74 51 258
74 56 195
74 59 108
74 62 111
74 63 537
74 64 319
74 66 131
74 69 255
74 72 248
74 81 172
74 87 168
74 88 128
74 96 181
75 1 198
